0 0 0 0 0 0 0 0 0 0 0 0 0 0 0 0
0 0 0 0 0 0 0 0 0 0 0 0 0 0 0 0
0 0 0 0 40 0 0 35 0 0 0 0 0 0 0 0
0 0 0 0 0 0 0 0 0 0 0 0 0 0 0 0
0 0 6 0 0 0 0 0 0 15 14 0 0 0 0 0
0 0 35 63 0 0 20 0 0 45 27 0 0 0 0 0
0 0 0 0 0 0 0 0 0 0 0 0 0 0 0 0
0 0 0 0 0 0 0 0 0 0 0 0 0 0 0 0
0 72 85 0 0 0 0 80 0 0 49 0 0 0 0 0
0 0 32 0 0 0 0 0 0 0 0 0 0 0 0 0
0 0 72 0 0 0 0 18 0 0 0 0 0 0 0 0
0 27 0 0 0 0 0 24 0 0 0 0 0 0 0 0
0 0 9 0 56 0 0 0 0 0 21 0 0 0 0 0
0 0 0 0 35 0 14 0 0 0 0 0 0 0 0 0
0 0 64 0 0 0 0 0 0 0 0 32 0 0 0 0
0 0 72 0 24 0 81 21 0 0 0 0 0 0 0 0
