315 418 353 317 339 277 251 399 311 240 374 354 357 338 382 361
368 465 407 340 362 399 275 421 344 316 396 374 387 379 394 387
289 320 359 278 326 279 256 365 315 245 268 298 358 375 424 328
352 408 365 339 341 282 258 462 317 245 335 372 387 389 428 381
418 453 430 393 373 429 276 403 429 328 374 358 439 451 454 415
477 532 476 392 379 414 340 494 413 351 439 466 500 471 468 429
377 397 366 336 357 346 342 350 369 292 313 320 427 332 397 316
422 433 428 401 423 297 289 425 413 288 334 363 412 428 501 419
398 428 425 359 388 360 275 352 362 305 351 291 372 368 407 360
379 387 278 345 276 225 253 352 326 249 297 368 336 319 318 406
301 295 336 269 281 229 180 288 319 207 193 249 305 268 343 246
371 437 386 309 403 322 274 378 283 317 347 311 304 353 375 389
428 447 415 362 367 354 299 460 380 307 335 388 454 420 471 360
391 381 353 277 325 275 185 319 303 242 249 329 308 334 332 287
335 365 306 299 306 348 188 263 290 265 277 285 291 373 339 326
377 486 407 368 337 374 347 405 363 342 438 359 432 325 367 390
