360 343 455 516 283 282 412 283 217 383 347 323 340 194 431 320
396 319 341 447 321 293 341 279 237 357 268 297 384 224 371 280
378 256 335 415 325 309 346 284 309 326 310 311 375 169 400 310
407 302 343 407 274 248 311 278 253 372 302 326 351 227 352 275
311 244 275 351 236 256 232 185 221 287 224 232 211 142 328 242
418 329 326 469 286 311 312 300 268 339 289 315 352 191 405 279
489 512 507 585 372 327 435 376 325 470 397 374 417 234 473 377
372 356 356 483 262 302 361 259 223 404 336 287 335 215 454 227
273 305 392 387 217 184 358 187 186 313 290 223 293 135 369 249
509 414 417 574 343 385 450 366 415 415 401 367 460 190 524 382
424 393 339 493 340 321 361 318 279 431 326 307 397 255 404 244
257 298 309 367 207 146 342 267 128 273 272 192 320 181 314 200
263 253 336 347 124 178 292 165 177 234 251 234 243 113 344 236
504 457 369 532 402 336 393 338 263 412 326 378 477 262 429 290
414 468 480 543 352 301 501 377 264 452 393 321 478 280 479 343
371 365 455 498 208 283 397 322 249 401 363 352 336 263 458 337
