63 0 0 32 0 0 4 12 0 0 0 0 18 0 63 0
72 0 0 0 0 0 0 0 0 0 0 0 0 0 0 0
0 0 0 0 0 0 0 0 0 0 0 0 0 0 0 0
0 0 0 64 0 0 8 24 0 0 0 0 0 0 0 0
0 0 0 0 0 10 0 0 0 0 0 0 8 0 0 0
0 0 0 0 0 0 0 0 0 0 0 0 0 0 0 0
0 0 0 72 0 0 9 27 0 0 0 0 0 0 0 0
0 0 0 40 0 0 5 15 21 0 0 0 0 0 0 28
0 0 0 48 0 40 6 18 0 0 0 0 32 0 0 0
0 0 0 0 0 0 0 0 0 0 0 0 0 0 0 0
0 0 0 0 15 20 0 0 0 0 0 0 46 0 0 0
0 0 0 0 27 0 0 0 0 0 0 0 54 0 0 0
72 0 0 0 0 0 0 0 0 0 0 0 0 0 0 0
0 0 0 0 0 20 0 0 0 0 0 0 16 0 0 0
45 0 0 0 0 0 0 0 0 0 0 0 18 0 63 0
0 0 0 0 0 0 0 0 0 0 0 0 0 0 0 0
