240 306 271 233 397 342 287 416 402 363 265 364 273 174 279 337
251 355 338 250 390 401 281 359 416 365 332 468 332 281 351 404
212 277 318 212 293 301 266 306 336 350 260 379 267 242 284 352
288 263 321 265 354 307 278 431 321 317 313 341 294 213 296 319
294 244 254 221 381 351 305 403 325 294 326 332 290 189 252 331
310 357 308 345 370 411 251 429 427 416 302 413 363 189 293 339
223 233 283 180 290 329 199 264 258 264 271 340 234 177 185 283
219 266 221 260 243 276 169 296 281 288 211 266 232 139 222 235
375 371 412 321 474 415 365 545 471 448 456 572 434 303 373 436
213 314 316 204 388 357 299 325 430 356 292 378 257 218 298 386
230 267 248 207 305 329 243 296 332 329 258 377 236 189 220 289
298 368 255 314 368 403 194 375 433 369 272 396 316 172 280 304
207 245 313 186 329 292 314 300 381 344 314 352 279 234 268 384
215 208 258 251 266 298 288 332 283 297 264 277 230 167 289 298
186 252 190 223 289 288 205 321 318 283 213 276 239 137 223 244
200 287 303 243 356 291 332 335 389 360 318 364 316 224 253 372
