0 0 0 0 8 0 36 0 0 0 0 0 0 0 16 1
0 4 0 0 0 0 0 0 0 0 0 0 0 0 0 0
0 64 0 0 0 0 56 0 64 0 0 0 0 0 0 0
0 8 0 0 0 0 64 0 0 0 0 0 0 0 0 16
0 0 0 0 35 0 0 0 0 0 0 35 30 0 0 0
0 0 0 0 0 0 0 0 0 0 0 0 0 0 0 0
0 0 0 0 0 0 0 0 0 0 30 0 0 0 0 0
0 0 0 0 0 0 0 0 0 0 0 0 0 0 0 0
0 0 0 0 0 0 0 0 0 0 0 0 0 0 0 0
0 8 0 0 0 0 64 0 0 0 0 0 0 0 0 16
0 0 0 0 4 0 18 0 0 0 0 0 0 0 8 2
0 40 0 0 16 0 107 0 40 0 56 0 36 0 32 0
0 0 0 0 0 0 0 0 0 0 0 0 0 0 0 0
49 0 21 0 0 0 0 0 36 0 81 0 0 0 54 0
0 0 0 0 0 0 0 0 0 0 0 0 0 0 0 0
0 0 0 0 0 0 0 0 28 0 63 0 0 0 42 0
