1277 1293 1369 1092 1064 1190 1357 1016 1280 1291 1207 1315 1432 1277 1241 1174 1397 1172 1176 1216 1074 1381 1288 1115 1462 1314 1152 1165 1143 1111 1329 1217 1368 1339 951 1097 1276 1214 1087 964 1372 1166 1288 1446 1233 1166 1020 1332 1236 1117 1064 1142 1236 1426 1033 1118 1057 1076 1334 1397 1030 1069 1302 1175
1406 1357 1308 1320 1171 1210 1327 1113 1386 1291 1241 1334 1342 1244 1252 1324 1450 1078 1240 1282 1292 1442 1301 1219 1336 1434 1249 1157 1070 1119 1574 1285 1536 1405 1077 1135 1321 1267 1245 1165 1391 1276 1291 1507 1354 1269 1163 1323 1434 1150 1213 1135 1298 1459 1096 1035 1196 1161 1301 1341 1279 971 1138 1375
1551 1533 1440 1329 1244 1361 1667 1090 1554 1526 1523 1486 1446 1376 1411 1494 1602 1249 1323 1287 1300 1519 1501 1323 1618 1519 1314 1284 1184 1200 1578 1355 1555 1491 1066 1263 1421 1276 1275 1236 1450 1326 1372 1565 1506 1478 1191 1515 1457 1192 1315 1202 1377 1457 1302 1135 1281 1202 1514 1537 1241 1296 1321 1423
1494 1352 1416 1317 1203 1243 1513 1174 1581 1530 1521 1438 1489 1303 1285 1451 1553 1239 1264 1330 1241 1526 1479 1336 1540 1507 1279 1311 1181 1236 1621 1236 1428 1502 1191 1329 1427 1277 1324 1290 1375 1307 1329 1442 1343 1365 1281 1426 1508 1325 1445 1262 1342 1453 1341 1129 1362 1208 1347 1385 1333 1192 1216 1414
1242 1187 1331 1098 1027 1143 1282 1045 1421 1336 1322 1296 1202 1280 1161 1198 1542 1007 1117 1129 1217 1236 1256 1112 1383 1331 1096 1087 1011 988 1450 1200 1456 1360 962 1251 1286 1171 1221 1130 1288 1140 1267 1344 1248 1328 1123 1150 1297 1082 1214 1182 1239 1382 1139 1005 1087 1000 1367 1249 1181 991 1083 1319
1285 1259 1132 1169 1167 1224 1360 995 1354 1320 1378 1322 1307 1195 1166 1216 1336 1032 1162 1177 1135 1344 1281 1167 1248 1228 1136 983 1087 1226 1318 1223 1461 1417 1135 921 1298 1204 1085 1128 1156 1112 1139 1308 1120 1212 1108 1282 1275 1132 1078 1214 1385 1551 1190 1003 1069 1020 1157 1306 1018 1008 1102 1278
1456 1490 1520 1241 1351 1399 1434 1139 1604 1572 1517 1583 1504 1413 1486 1455 1595 1219 1398 1325 1376 1592 1427 1315 1617 1554 1410 1326 1378 1203 1612 1409 1677 1602 1171 1289 1480 1399 1417 1264 1358 1267 1600 1584 1360 1493 1277 1489 1467 1256 1215 1357 1501 1725 1364 1178 1279 1312 1470 1573 1246 1271 1375 1378
1230 1197 1292 1146 1140 1239 1363 971 1407 1374 1287 1333 1471 1315 1195 1219 1439 1070 1155 1158 1041 1340 1327 1206 1346 1254 1197 1204 1136 1072 1403 1291 1362 1392 1062 1201 1265 1228 1256 980 1167 1101 1249 1443 1223 1233 1130 1315 1217 1153 1252 1163 1254 1584 1151 978 1176 1062 1349 1256 1179 1176 1126 1235
1379 1255 1263 1158 1131 1135 1242 1049 1310 1256 1307 1421 1420 1246 1218 1323 1391 1147 1221 1197 1161 1417 1300 1252 1310 1298 1327 1070 1158 1121 1419 1330 1511 1369 917 1134 1237 1232 1233 1014 1318 1225 1241 1422 1325 1290 1174 1411 1299 1072 1123 1043 1198 1448 1100 1134 1117 1071 1516 1390 1236 1086 1207 1377
1234 1253 1269 1220 1160 1279 1364 1080 1497 1191 1386 1379 1510 1427 1113 1431 1405 1188 1302 1229 1180 1261 1444 1035 1348 1314 1173 1229 1163 1170 1561 1253 1341 1365 1266 1288 1468 1290 1234 1189 1220 973 1202 1428 1236 1271 1115 1337 1310 1194 1069 1183 1258 1444 1176 1089 1252 1130 1261 1272 1079 1077 1256 1311
942 947 1052 934 830 1042 1031 923 1187 1007 1077 1034 1213 992 1022 983 1096 968 1111 1059 924 1213 1128 931 1056 1091 1061 954 916 920 1224 951 1101 1040 909 1076 1155 1049 1024 855 1123 1010 1015 1131 960 1031 916 1100 1140 1081 903 900 991 1128 911 943 1051 948 1113 878 974 884 1007 1031
1439 1406 1415 1302 1212 1344 1552 1169 1672 1580 1498 1503 1580 1517 1404 1399 1620 1304 1396 1497 1276 1573 1489 1316 1533 1520 1297 1218 1161 1308 1612 1279 1529 1639 1268 1183 1553 1440 1308 1321 1463 1309 1437 1603 1431 1379 1132 1468 1480 1306 1334 1338 1393 1498 1323 1134 1206 1256 1388 1501 1252 1135 1253 1485
1288 1458 1410 1177 1307 1628 1329 1311 1653 1434 1524 1564 1475 1358 1432 1409 1454 1229 1481 1386 1277 1587 1470 1435 1525 1423 1469 1213 1219 1289 1593 1353 1629 1479 1340 1207 1477 1362 1312 1355 1432 1244 1516 1532 1279 1473 1336 1582 1461 1234 1122 1268 1649 1708 1408 1304 1334 1293 1539 1574 1221 1194 1435 1346
1167 1261 1267 1049 1045 1294 1257 1067 1421 1235 1282 1281 1339 1237 1217 1220 1420 1137 1212 1115 951 1452 1204 1150 1453 1271 1258 1083 967 1007 1398 1162 1265 1251 1085 1050 1321 1056 1188 1084 1121 1067 1207 1337 1137 1261 1031 1230 1230 1143 1023 1079 1237 1306 1235 1058 1118 1130 1309 1236 1039 1056 1134 1265
1380 1500 1424 1336 1289 1413 1628 1318 1552 1530 1579 1532 1724 1451 1469 1545 1653 1346 1550 1536 1423 1669 1676 1257 1534 1491 1383 1410 1306 1305 1716 1402 1646 1561 1351 1404 1563 1434 1359 1274 1516 1303 1427 1707 1511 1520 1217 1533 1594 1435 1240 1371 1443 1757 1379 1263 1397 1311 1491 1486 1221 1270 1413 1512
1317 1219 1371 1218 1170 1340 1411 1138 1564 1406 1407 1420 1447 1277 1286 1260 1565 1163 1279 1352 1164 1513 1395 1269 1494 1502 1383 1238 1185 1154 1464 1242 1394 1439 1109 1250 1380 1183 1384 1191 1279 1246 1315 1463 1210 1428 1254 1316 1454 1280 1237 1197 1321 1578 1355 1173 1214 1163 1426 1396 1182 1143 1202 1295
1150 1189 1215 1006 1080 1155 1206 968 1333 1287 1101 1189 1247 1179 1146 1131 1299 999 1033 1033 1009 1249 1162 1030 1307 1213 1118 1059 1043 1041 1307 1105 1340 1246 856 1107 1111 1078 1154 973 1150 1001 1174 1236 1047 1295 987 1204 1272 1035 1100 1147 1116 1235 980 955 1073 1068 1241 1205 1136 1094 1060 1028
1242 1295 1397 1272 1131 1245 1424 1010 1621 1344 1318 1293 1472 1377 1164 1351 1483 1087 1235 1238 1237 1364 1314 1243 1536 1469 1277 1161 1140 1187 1526 1279 1422 1583 1115 1350 1657 1308 1241 1123 1411 1222 1284 1487 1298 1286 1145 1320 1409 1248 1108 1261 1301 1287 1192 1110 1214 1164 1329 1238 1189 1096 1265 1398
1218 1218 1277 1191 1126 1169 1351 1097 1414 1331 1283 1251 1401 1135 1190 1281 1348 1039 1234 1302 1158 1477 1308 1211 1265 1313 1248 1123 1066 1132 1510 1193 1393 1365 1128 1183 1332 1248 1207 1167 1224 1134 1233 1330 1310 1393 1094 1333 1417 1139 1142 1180 1281 1484 1157 1022 1115 1109 1426 1193 1110 1067 1210 1169
1530 1598 1398 1428 1349 1431 1423 1156 1665 1570 1593 1580 1656 1380 1503 1673 1600 1442 1487 1304 1508 1584 1467 1313 1520 1589 1472 1408 1315 1302 1724 1343 1622 1656 1472 1396 1641 1364 1304 1220 1507 1259 1496 1625 1501 1581 1263 1572 1625 1244 1282 1427 1386 1625 1366 1157 1386 1388 1546 1579 1332 1153 1476 1536
1195 1206 1337 1082 1041 1344 1242 1065 1457 1257 1382 1192 1216 1218 1264 1151 1324 1161 1187 1208 1082 1361 1256 1094 1373 1246 1261 1195 1024 905 1374 1114 1414 1193 1151 1237 1240 1116 1014 1131 1245 1173 1153 1368 1154 1290 975 1263 1194 1116 1076 1162 1281 1270 1163 1093 1249 1166 1322 1231 1105 1104 1182 1231
1278 1341 1422 1217 1155 1183 1301 1165 1484 1302 1298 1385 1434 1237 1271 1358 1394 1202 1263 1249 1217 1415 1425 1185 1456 1404 1280 1204 1152 1062 1536 1220 1496 1381 1114 1175 1428 1244 1188 1114 1496 1255 1469 1458 1150 1350 1255 1382 1335 1233 1194 1162 1331 1331 1201 1191 1182 1089 1427 1465 1115 1030 1150 1346
1299 1337 1335 1294 1145 1280 1347 1002 1374 1284 1496 1473 1392 1282 1302 1345 1453 1138 1366 1298 1236 1329 1415 1114 1384 1305 1254 1150 1064 1195 1538 1291 1508 1421 1070 1292 1309 1289 1354 1076 1357 1214 1357 1469 1370 1385 1145 1362 1346 1211 1216 1172 1216 1372 1226 962 1210 988 1386 1279 1226 1147 1240 1525
1531 1545 1453 1594 1414 1465 1686 1370 1777 1633 1640 1613 1725 1622 1623 1691 1793 1271 1511 1535 1455 1659 1698 1486 1668 1674 1608 1414 1426 1463 1837 1616 1844 1765 1335 1420 1717 1509 1443 1390 1475 1491 1525 1758 1549 1514 1368 1703 1603 1303 1452 1420 1789 1807 1538 1227 1462 1347 1676 1619 1402 1174 1491 1649
1182 1183 1200 980 1001 1082 1138 882 1197 1081 1177 1259 1166 1264 1133 1288 1207 1006 1164 1065 1100 1126 1315 1156 1203 1237 1091 1089 1087 1032 1347 1043 1213 1236 872 1034 1294 962 986 1042 1095 983 980 1266 1159 1069 917 1239 1045 1080 821 1074 1036 1184 1039 1080 1000 1077 1227 1184 963 960 1105 1115
1413 1278 1355 1296 1284 1301 1346 1110 1518 1405 1498 1537 1458 1332 1241 1309 1418 1248 1454 1293 1218 1498 1406 1173 1441 1405 1314 1289 1139 1232 1555 1249 1489 1464 1212 1221 1417 1359 1378 1035 1376 1297 1410 1430 1174 1507 1178 1347 1355 1358 1261 1253 1314 1567 1283 1176 1349 1221 1381 1364 1095 1191 1203 1470
1267 1312 1457 1229 1233 1267 1345 1179 1520 1451 1424 1388 1433 1205 1381 1332 1566 1151 1256 1343 1318 1563 1333 1338 1366 1463 1334 1236 1177 1041 1557 1271 1503 1525 1165 1143 1477 1231 1317 1197 1414 1269 1419 1428 1302 1367 956 1354 1400 1189 1220 1188 1355 1522 1393 1089 1212 1346 1372 1395 1166 1042 1148 1358
1082 1140 962 1088 952 1130 1175 880 1271 1173 1241 1108 1191 989 1127 1169 1178 1044 1092 1101 1062 1231 1175 960 1267 1173 1133 1029 982 968 1276 1103 1238 1255 966 1079 1298 1136 964 970 1215 1076 1121 1252 1055 1117 890 1226 1239 1042 1024 1009 1087 1217 1110 967 1020 908 1112 1183 989 979 1048 1167
1524 1622 1458 1311 1259 1397 1532 1171 1608 1571 1522 1430 1445 1442 1467 1692 1522 1227 1391 1437 1359 1674 1475 1252 1557 1459 1351 1380 1294 1241 1714 1335 1551 1490 1165 1305 1557 1389 1392 1223 1479 1418 1431 1600 1439 1447 1222 1563 1556 1412 1263 1322 1443 1517 1308 1295 1417 1380 1419 1481 1338 1287 1285 1496
1517 1531 1398 1274 1201 1400 1420 1041 1616 1389 1555 1428 1542 1452 1374 1483 1557 1206 1343 1327 1238 1559 1463 1248 1529 1336 1321 1403 1250 1289 1532 1230 1499 1450 1185 1239 1421 1383 1408 1140 1432 1370 1279 1617 1299 1391 1265 1471 1466 1291 1173 1238 1404 1573 1256 1219 1361 1343 1407 1420 1242 1170 1275 1541
1376 1466 1384 1274 1327 1377 1373 1177 1465 1386 1336 1478 1576 1460 1401 1520 1493 1312 1394 1277 1175 1418 1434 1246 1602 1450 1283 1367 1335 1123 1603 1268 1437 1457 1210 1248 1443 1304 1240 1014 1358 1200 1235 1478 1258 1267 1109 1580 1416 1099 1223 1259 1361 1533 1267 1225 1343 1330 1408 1482 1315 1147 1320 1303
1411 1371 1469 1156 1298 1322 1480 1136 1406 1510 1430 1543 1575 1429 1347 1401 1587 1327 1365 1348 1246 1495 1525 1378 1582 1436 1336 1349 1234 1252 1602 1373 1477 1574 1086 1249 1412 1187 1346 1195 1429 1273 1435 1595 1313 1433 1190 1454 1432 1311 1237 1265 1308 1473 1265 1258 1213 1255 1435 1451 1264 1329 1277 1418
1099 1120 1344 1026 1008 1226 1276 1053 1324 1270 1253 1202 1265 1196 1228 1204 1344 1042 1166 1290 1092 1268 1340 1101 1369 1305 1177 1263 1105 982 1444 1117 1285 1248 989 1194 1352 1088 1193 1001 1358 1240 1159 1339 1113 1192 1024 1328 1263 1152 1020 1080 1216 1167 1178 1109 1327 1181 1205 1144 1001 1018 1130 1224
1345 1281 1162 1192 1096 1240 1242 1091 1492 1321 1362 1238 1443 1229 1136 1304 1294 1215 1164 1193 1092 1516 1287 1195 1334 1248 1146 1260 1081 1062 1395 1107 1300 1311 1206 1140 1245 1209 1158 1052 1244 1117 1194 1429 1210 1331 1116 1272 1337 1127 1184 1158 1265 1391 1116 1049 1185 1216 1320 1243 1125 1106 1160 1192
1246 1257 1329 1210 1194 1230 1283 1015 1592 1375 1428 1354 1413 1179 1196 1221 1421 1055 1229 1315 1244 1397 1309 1228 1381 1360 1233 1211 1097 1217 1480 1122 1401 1577 1156 1189 1321 1292 1184 1226 1279 1287 1265 1391 1240 1299 1001 1213 1353 1158 1218 1167 1280 1475 1286 921 1215 1163 1270 1268 1077 1077 1066 1253
1268 1244 1310 1181 1010 1182 1229 1016 1325 1232 1210 1286 1390 1223 1210 1278 1424 1088 1201 1138 1197 1259 1260 1203 1311 1313 1216 1059 1050 1018 1482 1226 1407 1332 1095 1135 1242 1109 1076 1108 1197 1080 1211 1315 1268 1267 1149 1189 1288 1088 1167 1184 1141 1379 1054 977 1015 1037 1401 1204 1303 998 1138 1248
1410 1505 1351 1377 1307 1251 1479 1260 1593 1484 1614 1646 1639 1413 1390 1514 1612 1232 1363 1313 1278 1560 1530 1429 1482 1422 1437 1349 1228 1441 1634 1383 1553 1680 1154 1364 1407 1304 1305 1266 1375 1302 1309 1498 1403 1340 1236 1355 1461 1273 1319 1355 1503 1671 1350 1112 1364 1240 1503 1439 1401 1210 1253 1460
1412 1369 1436 1182 1059 1290 1228 1110 1434 1178 1315 1335 1419 1353 1221 1439 1430 1251 1250 1284 1179 1425 1382 1170 1353 1406 1345 1283 1205 1160 1664 1254 1433 1439 1263 1286 1424 1280 1252 1170 1273 1167 1238 1452 1295 1444 1176 1334 1394 1245 1181 1374 1242 1381 1226 1150 1259 1150 1367 1299 1213 1168 1298 1364
1583 1440 1465 1464 1402 1491 1424 1308 1849 1630 1543 1603 1607 1405 1431 1442 1631 1378 1438 1454 1380 1577 1629 1335 1602 1562 1456 1485 1401 1467 1640 1407 1643 1691 1275 1365 1558 1419 1368 1197 1591 1405 1414 1663 1361 1491 1210 1463 1522 1191 1507 1396 1473 1632 1408 1244 1433 1371 1536 1531 1410 1162 1387 1497
1257 1124 1135 1224 958 1104 1157 983 1367 1169 1256 1243 1254 1165 974 1131 1281 1079 1119 1181 1053 1323 1217 1129 1355 1358 1248 1037 1011 1239 1361 1143 1339 1430 1140 1110 1294 1090 1074 1080 1278 1127 1172 1321 1141 1213 1174 1108 1280 1140 1143 1162 1216 1282 1092 1013 1091 926 1189 1181 1039 1028 1146 1234
1088 1156 1063 922 913 981 1050 807 1246 1218 1041 1147 1236 945 1040 1112 1117 982 945 963 977 1150 978 997 1146 1173 1086 947 959 1090 1113 935 1125 1247 914 913 1082 986 1001 946 1065 895 1104 1072 1050 1058 1034 1105 1224 872 881 987 1074 1046 926 695 890 943 1027 1115 1042 881 932 963
1438 1552 1456 1404 1410 1489 1569 1332 1620 1420 1522 1583 1646 1459 1460 1553 1690 1299 1476 1436 1378 1666 1658 1352 1549 1540 1492 1425 1467 1378 1802 1518 1617 1651 1240 1336 1596 1403 1378 1302 1429 1315 1354 1591 1394 1441 1140 1562 1509 1276 1345 1289 1488 1734 1417 1332 1517 1465 1458 1530 1346 1226 1425 1497
1271 1254 1234 1295 1144 1185 1325 846 1363 1297 1335 1284 1356 1203 1188 1211 1290 1105 1001 1173 1179 1262 1254 1061 1284 1357 1188 1282 1222 1194 1382 1360 1367 1381 1061 1154 1354 1271 1153 1018 1262 1174 1258 1334 1205 1249 1002 1254 1319 1219 1177 1134 1225 1427 1072 1080 1154 998 1224 1240 959 1084 1217 1199
1607 1502 1473 1442 1393 1414 1675 1142 1578 1601 1604 1544 1623 1523 1472 1450 1625 1342 1278 1333 1339 1699 1469 1411 1518 1547 1426 1453 1253 1228 1584 1457 1602 1548 1256 1196 1378 1418 1432 1232 1439 1386 1518 1652 1453 1562 1298 1556 1583 1360 1409 1341 1505 1605 1328 1175 1419 1236 1518 1570 1338 1402 1341 1458
1054 1114 1047 1009 1056 1078 1329 996 1226 1196 1237 1157 1302 1174 1192 1202 1327 988 1062 990 1025 1251 1188 1102 1280 1216 1138 1005 1040 1064 1245 1097 1305 1218 865 1080 1205 1010 1157 979 1131 1043 1120 1230 1041 1160 1058 1209 1256 1076 1033 995 1291 1309 1081 1000 1115 1033 1160 1145 1080 972 1078 1119
1303 1196 1301 1130 1071 1036 1282 1008 1479 1396 1276 1348 1499 1175 1237 1224 1430 1111 1258 1162 1124 1493 1304 1181 1391 1338 1197 1140 1129 1196 1296 1100 1341 1413 981 1061 1315 1117 1276 987 1313 1208 1234 1331 1116 1239 1150 1179 1310 1185 1156 1125 1181 1337 1201 998 1116 1113 1267 1203 1156 1106 1126 1205
1341 1260 1408 1181 1199 1247 1360 996 1432 1511 1313 1332 1512 1389 1266 1244 1386 1203 1141 1215 1098 1394 1437 1336 1388 1340 1191 1339 1199 1130 1410 1230 1397 1484 1041 1038 1327 1155 1236 1016 1302 1128 1351 1484 1366 1255 1045 1355 1271 1142 1216 1242 1231 1424 1109 1048 1143 1171 1468 1302 1229 1201 1248 1247
1267 1322 1420 1150 1103 1206 1342 1155 1418 1309 1277 1211 1495 1248 1218 1363 1438 1224 1227 1134 1171 1503 1312 1307 1319 1386 1328 1249 1122 1090 1578 1183 1378 1473 1094 1118 1491 1162 1247 1092 1258 1217 1443 1427 1199 1324 1114 1408 1357 1179 1183 1324 1263 1534 1241 1085 1213 1170 1471 1437 1172 1133 1261 1311
1176 1223 1297 1116 1122 1193 1271 968 1431 1236 1223 1319 1366 1241 1231 1220 1239 1041 1241 1182 1116 1262 1223 1198 1381 1174 1200 1071 1079 1160 1344 1219 1357 1410 1000 1100 1292 1234 1160 1106 1202 1150 1195 1387 1183 998 1043 1278 1167 991 1007 1009 1180 1348 1061 961 958 1087 1234 1244 1074 971 1136 1176
1459 1431 1527 1275 1287 1509 1535 1266 1655 1526 1431 1606 1591 1448 1419 1440 1569 1296 1494 1464 1274 1631 1459 1423 1559 1455 1586 1387 1213 1393 1718 1295 1549 1619 1210 1298 1492 1347 1409 1259 1508 1261 1409 1606 1466 1434 1303 1498 1486 1332 1225 1295 1426 1704 1309 1278 1324 1355 1647 1559 1355 1265 1368 1352
1551 1468 1424 1496 1315 1447 1481 1166 1530 1512 1709 1594 1593 1336 1372 1526 1516 1326 1291 1367 1404 1592 1473 1485 1476 1505 1504 1367 1259 1382 1633 1464 1656 1672 1251 1257 1417 1379 1462 1170 1434 1287 1519 1515 1510 1561 1246 1486 1578 1318 1417 1406 1460 1763 1425 1097 1227 1217 1628 1478 1388 1333 1369 1496
1354 1324 1479 1311 1364 1363 1477 1263 1617 1493 1456 1510 1626 1455 1427 1448 1514 1263 1303 1432 1317 1553 1411 1291 1592 1436 1368 1405 1292 1229 1629 1488 1683 1581 1197 1358 1474 1543 1422 1177 1439 1404 1383 1566 1285 1316 1067 1506 1500 1262 1269 1284 1461 1589 1264 1190 1330 1454 1357 1399 1237 1248 1221 1352
1211 1082 1239 987 1045 1069 1171 1014 1208 1167 1282 1231 1139 1191 1116 1204 1261 1025 1207 1096 1069 1363 1195 1093 1218 1244 990 1030 989 814 1327 1080 1357 1254 944 1030 1092 1104 1238 984 1197 1185 1217 1306 1003 1173 1069 1175 1188 1093 1097 1001 1172 1273 1081 992 1062 1091 1100 1109 1138 1104 922 1284
1208 1121 1341 1132 1124 1374 1199 1154 1306 1317 1333 1407 1317 1341 1237 1332 1445 1183 1203 1287 1214 1347 1304 1294 1293 1368 1267 1230 1134 1005 1496 1207 1362 1380 964 1191 1299 1238 1361 895 1245 1167 1359 1508 1310 1204 1040 1469 1225 1272 1210 1121 1203 1533 1247 1083 1183 1283 1440 1394 1262 971 1040 1340
1166 1187 1296 960 998 1301 1058 921 1452 1257 1170 1163 1378 1197 1055 1206 1293 1104 1173 1150 1061 1267 1158 1018 1311 1190 1151 1171 987 1031 1423 884 1217 1309 1082 1066 1249 1130 1134 872 1256 1028 1254 1404 1177 1171 990 1243 1244 1151 1022 1122 1046 1278 1138 954 1157 1108 1270 1245 1066 1027 1075 1151
1194 1227 1252 1278 1145 1196 1373 1102 1396 1415 1325 1284 1371 1193 1282 1279 1424 1096 1200 1242 1147 1436 1304 1221 1382 1250 1249 1227 1115 993 1483 1365 1398 1380 1090 1168 1410 1215 1240 1095 1373 1255 1298 1401 1180 1209 1092 1255 1314 1242 1183 1170 1302 1432 1128 1075 1170 1151 1246 1310 1179 1057 1082 1304
1427 1461 1494 1287 1294 1259 1434 1026 1530 1499 1398 1410 1544 1427 1244 1455 1518 1179 1255 1357 1265 1478 1422 1295 1414 1310 1346 1305 1189 1279 1651 1265 1597 1487 1208 1248 1393 1304 1405 1212 1442 1311 1354 1485 1307 1504 1284 1496 1524 1245 1252 1448 1338 1545 1223 1217 1187 1170 1536 1462 1330 1212 1403 1455
1275 1355 1298 1178 1075 1113 1345 937 1359 1317 1197 1379 1339 1259 1200 1285 1343 1087 1190 1164 1155 1353 1264 1193 1308 1308 1171 1107 1049 1176 1423 1225 1394 1445 1040 1053 1300 1205 1114 1013 1220 1132 1230 1360 1310 1156 1123 1301 1278 1130 1082 1089 1252 1352 1083 929 1082 1000 1279 1264 1132 1112 1078 1190
1048 1068 1043 885 926 1096 1038 834 1169 1193 1198 1116 1085 936 1016 984 1187 1004 937 964 1037 1079 1107 1058 1124 1118 1011 919 856 935 1139 990 1234 1216 871 862 1001 1043 886 942 936 1008 1072 1117 941 1099 905 1160 1095 955 980 1037 1068 1161 1127 774 910 901 1156 1151 933 976 958 1047
1256 1225 1300 1277 1161 1136 1421 1113 1537 1349 1364 1314 1540 1335 1193 1425 1370 1243 1194 1201 1155 1341 1463 1159 1334 1284 1169 1369 1128 1072 1465 1145 1270 1341 1106 1273 1388 1296 1251 1027 1243 1145 1175 1381 1273 1211 917 1392 1306 1167 1236 1088 1134 1345 1192 982 1226 1313 1353 1268 1169 999 1071 1259
1508 1560 1447 1412 1296 1450 1545 1252 1640 1366 1589 1609 1560 1562 1453 1596 1640 1289 1473 1385 1468 1663 1587 1372 1600 1520 1453 1295 1298 1299 1718 1405 1664 1549 1185 1257 1592 1399 1376 1290 1410 1377 1382 1611 1356 1580 1305 1486 1463 1405 1208 1416 1523 1630 1415 1340 1391 1281 1596 1478 1330 1250 1424 1548
1249 1214 1311 1210 1154 1173 1455 1095 1382 1365 1286 1337 1421 1289 1295 1128 1512 1119 1237 1098 1106 1425 1332 1270 1344 1436 1260 1060 1100 1072 1351 1270 1501 1445 1048 1063 1278 1123 1159 1077 1336 1219 1382 1405 1071 1221 1206 1310 1284 1109 1177 1175 1420 1445 1136 1039 1185 1085 1303 1379 1197 1081 1215 1268
1556 1521 1615 1385 1291 1363 1577 1333 1695 1517 1575 1628 1700 1531 1469 1668 1694 1298 1469 1481 1383 1754 1614 1419 1574 1653 1544 1417 1367 1425 1749 1422 1579 1654 1188 1368 1640 1355 1552 1367 1520 1336 1554 1592 1485 1519 1269 1511 1554 1360 1376 1393 1513 1771 1424 1322 1418 1432 1600 1487 1428 1263 1535 1530
1398 1419 1547 1371 1130 1388 1553 1155 1651 1392 1410 1513 1574 1422 1345 1457 1610 1283 1360 1382 1291 1458 1497 1264 1512 1448 1279 1309 1158 1189 1576 1292 1471 1446 1207 1326 1481 1364 1343 1170 1480 1330 1259 1628 1445 1349 1288 1543 1400 1214 1251 1182 1356 1589 1255 1077 1354 1204 1583 1419 1303 1079 1279 1392
