0 0 21 0 0 0 0 66 32 0 0 7 0 36 0 0 0 44 0 3 54 21 0 28 0 0 0 21 0 0 0 0 0 0 0 0 0 0 21 21 0 36 0 4 34 12 0 49 0 36 0 0 0 0 42 35 0 0 0 0 0 0 0 15
0 6 0 52 0 0 0 81 16 72 45 81 0 2 6 48 0 0 9 0 0 0 0 10 12 0 10 1 0 8 0 52 0 118 0 10 28 36 18 56 0 5 0 0 72 18 0 16 46 0 36 72 0 36 0 68 0 56 45 0 26 12 9 54
0 54 54 0 8 0 0 81 0 59 36 99 0 6 0 5 16 51 18 0 70 32 0 0 36 0 0 0 0 30 0 24 0 0 72 35 12 0 54 0 0 0 0 0 0 135 0 0 44 0 0 72 0 60 0 44 12 0 0 24 3 36 56 109
0 39 54 18 0 54 0 36 0 0 0 22 0 54 13 0 0 101 81 4 122 0 0 14 0 0 0 0 20 30 4 0 0 15 72 9 12 24 27 4 0 0 36 0 9 21 24 0 32 54 12 0 0 0 73 12 0 0 8 0 0 0 0 16
30 9 24 10 0 0 0 0 15 62 33 0 0 3 0 0 0 6 27 0 0 0 36 0 26 0 9 0 0 0 10 0 0 3 0 15 0 0 27 0 0 0 93 45 0 27 0 0 60 0 10 0 4 0 10 15 0 0 0 0 0 18 24 0
0 0 0 64 16 0 0 0 8 0 0 0 0 0 0 0 0 0 0 0 0 64 64 0 24 0 0 56 0 0 0 32 0 0 0 0 57 0 0 56 0 56 0 0 8 0 0 28 0 0 63 64 0 0 64 0 0 72 0 24 14 0 0 0
0 0 0 8 0 0 0 0 18 32 52 0 0 2 0 0 0 5 0 6 0 0 2 0 0 0 0 10 0 0 8 54 12 72 0 0 0 12 12 63 2 8 0 36 0 0 0 0 36 0 8 0 0 0 8 0 0 63 0 0 0 0 20 9
0 0 0 12 15 0 68 0 0 8 19 0 0 0 0 40 0 67 0 56 0 18 0 0 0 78 3 8 0 56 84 39 6 49 5 0 0 30 35 0 14 12 16 28 53 6 0 58 8 0 40 0 0 59 0 28 0 0 0 35 28 16 10 0
18 10 0 84 0 0 1 0 18 42 0 30 0 4 38 0 0 9 0 8 0 0 0 56 0 0 14 56 0 8 28 0 56 16 0 0 4 0 0 0 0 0 72 58 0 14 0 12 54 0 66 18 0 0 12 0 0 0 10 0 0 8 0 136
16 8 0 6 20 4 0 28 6 40 0 0 68 0 0 12 0 36 0 0 0 0 0 0 0 0 48 0 0 0 0 42 0 24 50 49 6 0 28 0 0 0 8 0 0 0 0 0 63 0 50 22 20 0 0 16 56 42 0 0 0 0 0 8
8 16 16 0 40 18 0 56 0 84 0 0 76 0 10 0 0 0 8 0 0 0 14 0 0 0 24 0 0 0 0 0 0 0 40 0 0 0 0 0 0 0 4 0 0 0 0 0 0 0 16 16 40 0 0 32 0 0 0 0 0 0 0 0
0 0 0 20 0 0 0 0 0 70 41 0 0 0 0 0 48 0 49 0 0 0 0 0 32 0 0 0 8 0 8 0 56 0 16 0 100 0 0 0 0 0 72 0 36 0 0 16 72 0 36 0 12 24 56 0 32 0 24 0 8 0 0 0
0 9 16 0 0 0 0 0 0 24 20 8 0 25 0 0 0 4 4 0 0 36 15 0 0 0 0 39 0 0 0 0 47 13 0 0 0 8 0 0 28 0 32 0 16 40 0 4 0 0 0 0 0 28 0 20 5 0 32 0 0 32 64 35
0 64 0 109 10 0 19 4 0 0 0 0 0 6 0 0 0 50 0 40 9 18 0 0 18 0 2 2 0 40 0 14 38 4 36 0 0 0 32 0 14 8 16 20 25 0 0 42 0 6 0 0 0 14 7 0 0 0 0 0 0 16 0 0
7 36 66 9 18 0 6 99 5 57 104 76 0 18 0 18 90 65 15 5 33 48 0 16 0 24 12 12 25 30 5 54 0 0 0 0 12 0 12 17 0 0 45 0 9 0 51 49 83 18 0 72 0 60 56 143 27 0 10 54 6 27 0 30
0 0 0 103 0 0 2 78 0 61 0 54 0 0 0 26 8 36 42 0 0 0 0 16 0 8 19 63 0 0 0 0 63 0 0 20 0 56 0 0 35 8 0 0 0 36 7 7 75 0 0 105 0 31 0 6 7 0 72 0 12 9 14 107
0 15 0 0 25 0 64 35 0 40 20 7 35 0 3 0 0 4 0 0 0 0 0 0 0 112 7 8 0 0 72 24 0 0 33 0 2 0 56 0 0 0 0 0 0 7 0 0 0 0 75 19 25 0 0 20 0 0 5 0 0 4 16 0
4 0 0 0 0 0 24 0 0 0 0 0 0 0 0 0 0 0 0 0 0 0 16 0 0 74 0 7 0 0 63 21 0 0 3 0 0 0 21 0 0 0 36 0 0 0 0 0 0 0 24 0 0 0 0 0 0 0 0 0 0 0 0 0
0 0 0 52 2 0 0 16 0 8 43 0 0 0 0 72 4 16 0 0 0 4 0 0 48 0 14 14 0 0 0 6 14 81 32 7 0 54 4 0 4 0 0 0 89 24 0 0 41 0 6 16 26 0 0 36 11 0 0 6 8 0 0 14
0 0 24 45 0 45 1 0 3 24 0 0 0 0 15 0 0 1 39 1 0 0 21 18 0 0 20 0 5 0 8 0 6 0 24 3 0 0 9 1 7 13 6 0 0 0 6 0 19 0 0 0 0 0 0 7 0 0 83 0 0 9 0 0
5 17 20 45 0 54 0 0 0 17 0 23 68 0 19 0 0 0 62 0 48 12 62 18 0 0 90 0 0 0 0 0 0 0 102 6 6 0 18 0 0 9 40 0 0 120 0 0 18 0 3 27 0 18 0 0 0 0 104 0 0 12 54 48
0 6 9 45 0 0 0 0 0 42 0 3 0 35 0 0 0 7 7 1 1 0 21 0 18 0 0 0 0 5 0 0 0 0 36 0 2 0 0 0 0 0 0 0 28 60 0 0 0 0 0 0 0 0 0 30 7 0 0 0 0 0 0 5
0 35 0 58 0 0 0 0 0 0 35 2 0 0 4 0 14 0 0 0 0 0 0 7 7 0 0 0 0 0 2 0 0 0 0 0 0 0 0 0 0 0 9 0 0 0 49 0 0 63 6 0 0 0 0 0 0 0 0 0 0 0 0 8
5 12 65 10 0 63 0 18 0 66 0 3 0 9 35 0 0 6 28 23 56 23 74 16 24 0 4 9 40 0 0 0 0 0 63 20 0 30 75 17 0 2 45 0 0 99 48 21 12 0 0 0 0 21 0 15 0 0 34 0 0 24 49 56
0 0 0 0 0 0 0 4 0 0 6 0 0 6 0 24 0 5 0 0 9 0 0 0 0 0 0 0 0 0 0 0 0 27 0 0 7 18 0 0 0 0 0 0 28 0 0 4 0 6 9 0 0 0 7 0 0 0 0 0 2 0 0 0
0 10 0 86 0 0 0 24 8 6 18 0 0 0 0 32 4 0 1 0 0 0 0 0 2 0 0 0 0 0 0 0 0 36 0 0 0 88 0 0 40 9 0 1 47 0 14 0 0 18 0 56 0 0 0 0 8 0 0 0 0 0 16 16
0 0 0 0 12 0 0 0 0 30 83 0 0 0 24 0 60 0 5 0 0 24 0 0 0 8 0 5 0 32 45 55 0 0 0 0 0 0 0 0 0 0 54 0 20 0 0 0 54 0 0 0 0 63 42 68 18 0 0 71 20 0 46 4
0 8 16 32 0 2 10 39 3 25 18 8 0 25 0 102 40 0 0 5 0 113 15 0 12 40 36 9 15 0 0 0 27 99 0 7 0 54 4 3 69 0 72 0 81 48 53 44 27 0 6 103 15 98 0 50 13 36 38 12 0 117 48 14
0 0 0 102 6 0 0 0 0 0 27 0 0 0 0 0 12 6 0 0 16 48 0 14 26 0 14 0 0 0 0 18 0 0 46 0 0 0 0 0 0 7 0 0 0 27 0 0 26 0 0 32 0 6 0 24 9 36 63 30 0 0 14 16
0 67 40 56 0 0 18 4 0 45 40 0 0 6 0 0 16 5 0 9 9 63 0 0 8 0 0 0 0 0 0 0 0 5 0 0 0 0 0 0 0 0 20 0 1 0 56 0 52 78 0 0 0 0 52 25 0 54 0 0 0 0 0 0
5 23 0 0 5 0 6 7 0 8 3 0 7 4 0 0 0 0 0 3 0 21 20 0 32 16 0 9 0 0 18 6 7 0 5 20 0 0 36 0 0 0 45 0 0 36 0 0 9 0 2 2 9 0 15 4 0 18 0 0 0 24 0 7
8 0 16 6 0 18 0 0 64 25 0 0 20 25 10 17 0 45 17 0 0 0 29 0 0 0 24 15 0 0 0 42 18 24 30 5 6 0 0 0 3 84 4 8 56 49 0 0 8 0 0 0 0 0 0 20 5 42 0 0 3 0 0 0
0 0 56 0 0 63 0 0 2 112 3 0 0 1 35 0 0 0 37 3 0 0 50 0 0 0 0 0 0 5 0 6 0 8 0 63 2 6 42 7 4 0 0 0 36 0 0 0 81 0 54 0 0 0 0 0 72 8 0 0 0 0 0 1
1 15 0 21 5 0 25 27 16 45 39 0 0 0 0 54 78 0 0 7 0 27 4 0 3 72 28 3 0 0 0 55 9 70 0 0 0 0 0 56 21 4 33 0 0 28 84 66 27 27 0 72 0 84 0 54 0 56 0 0 0 105 0 43
0 4 23 0 10 36 6 125 4 88 10 77 14 10 0 34 24 10 62 0 0 15 6 20 0 24 9 15 0 0 0 12 0 35 58 6 0 12 33 29 0 0 16 0 18 16 21 56 46 0 4 92 10 53 0 64 2 14 0 0 0 27 0 42
28 0 0 20 0 0 0 0 66 58 30 0 32 4 1 0 42 0 0 0 7 0 4 0 0 0 35 0 0 0 21 0 0 16 0 0 0 0 0 0 0 54 68 69 46 5 0 4 126 0 18 0 0 21 65 14 0 0 0 0 4 0 0 16
16 48 0 0 0 0 24 0 0 8 0 0 40 15 0 0 0 0 0 1 0 72 9 0 0 0 48 0 0 0 0 0 0 0 0 0 0 0 56 0 0 0 8 0 0 28 0 0 0 0 0 0 48 0 0 12 3 0 0 0 0 0 0 5
0 0 0 35 0 0 0 9 0 60 0 9 0 24 0 0 0 0 7 27 0 0 18 14 0 24 14 3 0 0 27 9 0 0 0 0 0 54 54 0 0 7 0 0 24 24 0 0 18 0 0 8 0 4 0 12 3 0 63 0 0 0 0 5
0 0 0 39 0 0 6 3 4 20 6 0 0 0 0 20 0 90 36 48 0 0 0 12 0 0 12 0 0 48 0 12 0 16 0 20 0 8 0 14 5 6 0 24 0 36 0 48 44 0 0 7 0 0 0 0 1 14 54 0 12 0 2 4
0 48 0 78 0 0 3 0 8 2 97 0 28 1 0 0 18 35 5 29 0 0 16 0 21 16 20 2 26 24 18 30 7 32 12 5 9 0 9 33 0 0 0 12 0 29 93 24 5 81 0 0 0 0 0 0 4 28 13 0 0 6 32 4
0 0 0 10 0 0 0 0 0 0 18 0 0 30 0 0 0 0 0 0 0 0 18 4 48 0 4 54 0 0 0 0 62 0 0 0 0 0 0 0 8 34 0 0 0 48 0 0 4 0 0 0 24 0 0 24 6 0 18 0 0 0 0 14
0 0 0 15 0 0 0 8 0 10 5 0 0 0 0 0 0 0 0 0 0 0 0 0 0 0 7 0 0 0 0 0 0 0 0 0 0 0 0 0 2 0 0 0 10 0 0 0 0 0 0 8 5 0 0 35 0 0 0 0 10 0 0 0
0 0 0 63 14 0 7 21 46 35 27 0 42 0 0 35 0 70 63 0 0 0 80 0 0 0 44 49 0 0 56 82 42 72 0 35 7 56 0 112 84 77 0 0 7 93 0 0 56 0 0 49 0 0 56 49 7 63 0 0 21 63 14 23
0 0 56 0 12 0 8 0 30 63 0 0 14 0 5 0 0 8 0 0 35 0 56 0 0 21 26 42 0 0 64 30 57 7 0 0 6 0 0 42 56 74 34 0 6 10 0 0 35 21 0 0 3 3 58 91 0 0 0 0 0 72 0 0
0 18 56 10 12 63 0 0 6 91 0 0 0 6 35 0 0 2 28 0 0 0 97 0 36 35 0 42 0 0 10 34 15 0 0 30 6 0 54 42 0 42 10 45 6 57 0 0 49 35 10 0 5 5 58 0 0 0 0 0 0 36 0 0
9 3 6 12 5 0 7 0 9 42 0 3 0 2 0 0 0 0 0 0 0 0 0 0 0 0 1 0 0 0 12 7 0 8 0 0 0 0 0 0 0 4 0 54 0 0 0 2 54 0 14 0 0 0 12 0 0 0 12 0 0 0 18 8
0 18 0 27 0 0 15 24 15 31 5 0 0 9 0 30 40 5 0 9 0 81 3 0 36 40 25 9 0 0 70 0 57 18 0 30 0 42 72 0 113 20 72 0 0 54 35 44 15 0 0 61 0 143 0 65 3 0 0 35 20 198 16 6
0 0 0 72 0 0 0 126 0 36 10 54 0 0 0 0 0 2 6 0 0 0 0 0 0 0 42 7 0 0 0 0 7 0 0 0 0 64 0 0 52 0 0 0 0 0 0 0 24 0 0 152 30 24 0 0 8 0 0 0 0 0 24 53
0 12 0 35 15 24 21 0 4 33 31 0 0 4 0 25 0 50 101 0 0 0 0 14 24 0 17 0 4 0 0 33 28 16 32 49 36 0 48 14 0 19 8 0 0 81 0 0 54 0 0 0 0 0 0 0 16 14 75 0 15 24 20 2
0 0 0 0 0 56 64 0 21 0 0 0 0 0 0 0 0 0 63 0 0 0 0 0 0 48 0 30 0 0 0 0 36 0 64 7 0 0 77 0 6 24 14 0 0 0 0 0 0 0 64 49 0 0 0 0 0 0 0 0 0 0 0 28
0 40 0 3 0 0 0 0 0 12 1 56 0 5 24 0 0 0 0 15 0 0 5 0 0 35 56 0 0 0 0 10 15 0 0 35 16 30 50 0 0 0 10 0 2 56 0 0 45 35 38 72 5 5 0 7 40 0 40 0 2 32 0 0
0 61 14 6 0 0 27 0 0 21 0 7 0 0 24 0 0 0 0 4 0 81 0 0 0 0 0 4 0 32 6 16 0 0 0 0 0 0 63 0 0 0 0 27 0 16 0 0 27 0 6 0 54 0 6 20 0 0 28 0 0 0 78 24
0 0 0 0 17 8 7 0 12 0 54 0 0 0 0 0 24 0 0 1 0 24 0 0 0 24 1 3 0 0 27 52 0 0 0 0 0 0 0 0 0 4 0 0 0 4 0 0 0 0 0 28 0 0 0 48 18 0 0 36 0 0 0 21
0 30 69 64 0 0 0 28 0 116 0 15 0 42 0 35 0 145 72 0 68 64 0 0 24 0 0 0 0 25 0 0 0 3 0 35 10 0 0 0 0 0 12 0 43 81 0 0 95 42 0 64 0 0 49 25 0 72 0 24 21 0 0 0
45 28 64 40 0 0 12 4 45 72 0 14 21 51 60 0 0 5 0 6 9 42 33 16 0 0 45 9 0 72 0 36 0 48 0 0 4 0 0 0 0 8 32 0 1 85 0 10 74 6 12 18 0 0 37 113 7 36 82 0 0 8 81 49
0 6 0 0 0 0 0 0 0 0 0 0 0 0 49 0 0 0 0 0 7 0 0 0 0 63 0 8 0 64 0 50 27 30 0 0 0 48 0 0 0 0 18 0 0 0 0 0 0 63 0 0 9 9 2 40 0 0 0 0 0 0 72 8
28 6 0 5 0 0 4 0 32 0 0 0 0 17 0 0 0 4 36 0 0 36 9 2 12 0 22 44 0 0 32 0 84 8 0 59 0 0 46 0 64 49 32 0 0 42 0 4 65 0 42 0 0 28 0 40 59 0 9 0 0 80 0 0
0 64 0 0 0 0 12 0 0 55 0 56 0 0 24 25 0 45 50 5 0 36 0 0 0 0 56 0 25 0 0 0 0 0 0 25 16 0 28 5 0 0 0 0 20 101 30 0 45 0 8 72 24 0 0 0 0 0 50 0 15 32 0 0
0 28 0 35 0 0 0 72 0 12 57 0 0 6 0 0 58 0 0 18 0 0 6 0 5 0 63 0 0 0 8 0 0 15 0 0 0 60 36 0 18 0 72 0 0 0 35 0 72 45 0 72 45 24 56 0 0 0 0 0 0 0 0 0
0 0 0 28 0 0 0 0 0 0 4 0 0 0 2 0 6 0 0 0 14 8 0 0 11 0 0 0 0 0 1 0 0 0 16 0 0 0 0 0 0 0 9 0 0 0 0 0 9 0 0 8 0 3 11 0 0 9 0 3 0 0 0 0
35 0 0 35 0 12 1 32 28 46 0 0 63 0 0 10 0 19 87 0 0 0 36 0 14 0 90 0 0 0 8 0 6 0 44 12 49 0 6 0 15 4 4 0 24 63 0 28 16 0 63 32 20 0 0 7 0 0 0 0 20 9 0 0
0 21 83 0 4 63 14 54 0 71 18 9 0 0 35 15 8 45 55 7 0 84 49 36 0 0 0 27 0 0 0 12 0 0 0 15 0 0 27 27 0 0 0 0 0 27 0 63 45 0 0 0 0 0 35 61 6 42 0 12 9 0 0 0
9 0 0 0 0 0 0 0 0 1 0 0 5 0 0 0 0 0 0 0 0 0 28 0 0 0 6 0 0 0 0 0 0 0 0 63 0 0 36 0 0 0 64 0 0 0 0 0 81 0 54 0 0 0 0 0 72 0 0 0 0 0 0 0
0 16 16 27 50 18 0 63 0 143 101 0 56 6 12 0 68 5 8 0 23 20 14 0 40 0 0 0 0 0 80 30 0 0 40 49 0 8 28 0 5 0 72 81 1 0 0 0 216 6 76 23 60 105 85 72 72 0 0 93 36 0 20 2
