12 12 13 17 12 16 12 14 16 22 14 18 14 15 16 16 17 20 14 13 13 14 19 14 10 10 15 15 14 12 14 17 16 13 16 16 14 15 12 15 15 15 15 15 16 13 18 11 11 17 17 10 22 15 10 16 16 14 8 14 14 16 14 10
15 11 14 16 11 15 13 14 18 20 14 16 15 14 12 18 18 18 13 13 11 13 21 18 12 10 17 17 15 12 14 15 13 16 13 15 16 18 15 17 12 18 14 12 13 17 17 16 13 17 18 9 16 16 12 15 17 19 10 18 14 10 14 10
14 12 16 10 10 15 16 11 18 21 14 18 14 11 7 16 17 19 16 12 10 15 19 15 14 11 15 21 15 11 15 16 18 14 13 15 11 14 15 18 17 13 15 15 17 14 12 12 11 15 16 11 18 15 7 13 16 11 10 18 17 12 18 13
14 13 15 16 11 19 15 15 22 23 18 18 17 16 16 20 20 25 17 15 14 17 19 18 16 16 18 21 17 15 15 22 20 22 19 15 16 15 18 15 15 12 18 19 19 16 18 10 16 17 18 13 21 16 10 19 23 15 14 20 17 13 19 12
17 12 20 16 15 20 19 18 18 26 19 24 19 17 19 23 24 26 17 20 13 19 22 20 12 15 19 19 21 20 17 20 17 19 21 15 16 16 22 19 18 16 21 14 16 19 23 18 16 21 24 18 23 18 18 17 18 19 14 24 21 16 17 17
15 11 21 16 14 15 15 18 25 24 21 20 17 15 15 19 15 23 19 16 13 19 22 19 12 15 19 18 19 14 15 19 18 21 16 18 20 13 17 22 18 18 19 14 22 19 21 16 19 21 20 17 21 18 16 19 19 19 15 20 19 17 18 13
17 11 17 15 15 15 18 18 20 20 16 18 15 16 12 18 14 23 16 15 13 16 24 21 9 14 20 18 20 13 14 20 17 18 16 14 14 14 17 17 17 15 18 14 19 18 12 14 14 19 15 17 21 14 13 15 16 15 12 14 18 17 16 11
11 11 17 15 12 19 17 16 16 22 14 19 17 15 14 16 16 19 17 15 11 17 19 20 9 16 16 17 21 16 14 16 17 15 13 15 14 13 21 20 16 11 14 19 18 16 16 14 14 12 19 16 20 11 14 18 15 13 11 18 13 16 14 11
14 15 17 16 12 22 14 17 19 28 18 22 20 15 15 20 20 23 20 18 17 18 25 20 11 14 21 20 17 15 17 22 18 20 19 17 15 13 18 22 19 19 17 15 22 14 19 17 17 18 20 15 20 22 17 18 18 17 14 22 15 16 20 16
13 12 19 10 14 17 17 15 17 19 15 19 18 11 14 20 17 22 12 13 15 17 20 18 15 11 16 19 17 16 14 19 17 19 16 16 15 12 19 19 17 15 14 16 21 19 15 14 17 17 16 16 17 17 16 12 14 18 14 19 18 11 14 11
15 13 17 12 8 17 14 14 16 18 15 18 14 16 14 17 14 21 14 14 12 13 23 20 10 10 19 16 14 14 15 17 13 18 13 16 13 14 12 17 13 13 14 10 13 13 12 12 17 16 20 15 15 13 15 13 13 16 11 18 16 11 18 15
11 13 10 11 9 15 12 14 14 18 13 15 14 13 10 15 15 19 14 9 14 10 16 16 10 11 15 13 11 10 11 15 11 12 10 12 12 9 12 15 11 10 12 10 11 13 16 14 9 15 16 7 12 13 8 10 14 15 8 14 11 10 13 15
21 12 15 16 13 17 16 16 18 23 19 19 19 14 17 22 23 22 15 17 14 16 22 22 16 14 17 18 20 16 18 17 15 20 21 19 16 17 15 17 15 14 22 16 21 16 17 14 16 21 20 13 21 16 13 17 18 20 14 19 18 15 17 14
12 8 15 9 10 11 13 14 17 16 15 13 14 9 12 13 13 17 16 8 13 13 16 14 9 12 14 14 12 8 12 13 15 17 7 10 11 10 12 14 15 8 9 9 12 12 11 8 10 14 16 10 12 12 10 12 12 8 8 14 14 7 18 14
18 14 20 16 12 14 16 18 19 19 20 16 19 15 15 18 17 22 16 15 16 15 17 19 15 17 16 21 20 15 16 16 17 18 16 12 15 14 20 16 17 17 20 15 18 15 19 11 18 14 20 18 19 14 12 18 15 15 15 16 14 15 19 16
18 18 18 13 15 17 16 16 21 27 20 25 22 17 14 20 21 27 15 16 18 17 24 22 16 16 24 21 19 17 18 19 22 20 22 21 18 17 19 21 18 15 21 15 20 16 18 19 14 19 22 15 26 20 13 15 19 19 16 22 20 17 21 18
15 9 14 13 12 17 12 15 19 19 19 17 19 13 13 16 16 21 16 14 13 15 20 16 12 16 20 19 21 14 16 16 20 16 16 15 14 15 16 17 19 15 19 14 16 15 15 12 17 17 13 13 22 15 13 19 17 16 14 18 14 16 16 13
14 14 15 16 12 19 17 18 19 25 18 20 17 17 18 16 20 29 16 16 15 15 18 19 11 11 18 17 18 17 17 20 19 23 18 15 16 10 20 15 17 16 14 17 22 16 16 14 17 20 20 15 22 15 16 15 17 18 12 17 17 13 20 11
13 10 16 14 15 12 13 13 17 23 20 18 17 9 14 16 18 17 16 15 14 18 18 14 8 13 14 18 17 14 14 16 17 17 16 11 15 13 17 17 17 16 15 14 19 14 19 14 12 12 15 14 18 16 14 15 15 12 13 16 15 12 14 11
17 10 16 14 11 14 15 16 21 19 16 20 17 13 16 21 16 24 16 18 10 16 20 20 13 15 20 20 18 15 15 16 15 20 19 17 15 12 17 16 15 12 19 14 19 16 15 14 16 17 20 18 19 16 14 19 20 17 14 20 18 17 17 15
14 12 17 15 10 11 13 9 18 18 15 17 11 14 10 13 15 13 14 12 10 14 17 13 9 10 12 16 14 10 14 16 14 18 15 13 13 12 16 14 15 11 14 14 16 14 14 11 12 13 12 8 14 15 9 12 16 12 8 12 10 12 15 11
14 7 17 13 12 15 15 13 16 22 18 21 16 13 15 15 21 20 16 14 8 15 23 18 9 14 20 16 16 15 13 17 14 18 13 12 10 14 17 20 17 11 17 12 13 10 20 13 13 19 18 11 18 16 10 15 14 18 10 18 18 16 17 15
17 12 18 21 15 18 18 17 21 27 18 21 21 17 14 20 21 23 17 16 13 16 19 20 11 17 17 20 25 19 15 15 25 19 22 17 20 16 22 20 19 19 24 17 19 19 20 18 19 14 20 14 25 16 16 14 17 17 16 22 15 18 16 15
18 12 17 14 15 20 16 19 22 22 19 19 19 19 13 18 18 22 15 15 14 17 19 17 10 15 17 18 21 18 16 19 21 22 16 17 19 15 19 22 20 17 19 17 18 14 18 13 14 17 21 14 22 14 11 15 16 17 11 17 16 14 19 14
19 14 16 13 15 18 15 17 25 24 19 22 19 19 17 18 23 27 18 17 16 18 20 19 13 17 19 20 22 20 14 22 20 23 21 17 17 18 22 24 21 15 21 17 25 12 20 15 16 19 22 18 22 17 12 18 20 20 18 21 18 19 20 15
18 9 18 19 15 16 21 21 20 21 21 21 19 20 19 20 24 28 20 19 13 21 20 18 12 16 19 19 23 18 20 22 17 24 19 16 16 14 20 18 19 16 21 16 19 19 20 14 21 23 20 19 22 15 17 18 17 18 14 22 17 18 20 14
8 4 9 6 9 8 10 11 13 12 9 11 8 8 8 12 10 16 6 11 8 13 14 10 5 7 12 13 9 7 9 11 13 9 10 10 11 11 9 10 11 8 11 9 8 8 7 10 6 12 10 9 11 7 9 5 6 7 5 10 9 12 9 8
18 16 14 14 15 17 13 18 19 25 21 21 21 16 18 21 20 23 19 17 16 17 23 20 15 18 15 20 19 22 17 21 18 19 18 17 20 14 17 18 17 18 18 16 22 17 18 17 13 17 17 14 25 20 14 15 18 19 13 19 20 15 16 17
12 6 13 7 11 11 11 12 12 13 10 13 15 8 11 14 12 14 9 11 10 9 13 12 8 10 14 13 8 11 14 9 12 15 7 9 12 5 16 14 13 10 9 7 10 10 14 8 9 12 14 7 11 10 9 7 9 11 6 11 11 11 9 9
21 13 20 17 11 17 19 16 18 22 18 18 15 16 14 20 19 24 17 18 11 19 23 22 9 14 20 19 18 15 17 22 13 18 16 15 17 17 21 19 10 13 21 15 15 15 19 20 15 19 19 11 21 14 13 15 17 20 12 18 18 17 15 15
15 14 19 17 17 17 19 15 20 24 21 21 17 18 16 19 17 29 17 20 14 21 24 21 12 12 22 20 19 12 15 18 20 21 21 19 13 10 17 20 17 17 18 14 21 21 19 18 18 19 22 18 19 17 18 16 20 15 16 20 17 16 19 16
15 14 15 12 14 12 13 13 17 21 21 21 19 15 16 16 18 19 16 13 14 14 19 16 9 16 17 18 17 15 15 15 17 19 16 14 14 12 17 17 19 14 16 11 17 15 17 13 11 15 13 11 23 17 9 15 18 14 10 14 15 13 20 18
13 10 15 12 15 16 17 16 18 24 16 23 16 14 12 18 20 22 15 16 13 17 24 18 12 15 21 21 20 15 16 18 20 17 12 16 16 15 20 23 21 15 18 15 15 14 18 18 11 16 17 13 19 15 13 14 14 20 12 18 15 19 15 13
13 12 14 16 14 14 11 16 19 23 18 18 17 10 19 19 20 20 14 17 15 16 18 20 12 15 16 17 19 15 15 16 17 19 18 11 17 14 18 16 15 15 16 16 18 17 18 13 15 14 20 11 19 16 13 13 17 17 10 16 19 14 11 11
12 10 14 14 13 14 13 13 14 21 14 18 15 9 12 15 16 15 12 11 11 11 18 15 9 7 13 11 12 13 13 13 13 14 14 14 9 10 13 15 12 15 13 13 20 11 13 14 12 15 15 12 19 17 11 13 13 10 10 17 15 10 13 11
20 15 20 18 16 19 16 21 26 25 21 26 18 20 19 20 26 25 17 19 17 18 23 24 13 17 19 22 24 19 15 20 25 24 19 14 16 20 21 22 21 18 19 17 20 16 16 14 18 19 22 17 23 16 13 16 19 16 14 20 22 14 18 13
17 16 18 21 14 20 18 24 24 26 20 22 24 17 18 23 22 28 18 14 18 17 20 20 16 19 20 20 22 18 15 20 19 24 21 18 23 19 22 22 17 17 18 22 22 15 23 16 17 21 24 13 24 18 13 20 22 19 14 20 18 17 20 16
17 13 20 19 15 20 16 19 24 26 17 22 18 17 15 23 23 27 20 15 14 22 24 22 12 16 19 22 19 14 15 20 23 21 18 20 21 17 20 24 18 18 20 16 21 17 19 23 16 19 23 15 22 19 14 15 19 18 18 25 17 18 15 16
14 14 13 15 14 13 17 19 18 21 19 20 20 17 14 18 15 24 17 15 17 14 19 18 13 11 19 20 16 13 16 19 18 18 13 18 15 11 17 19 15 15 16 12 17 18 18 13 12 18 19 15 20 18 14 13 18 14 13 17 18 16 18 13
19 11 16 19 11 16 18 19 20 23 15 19 18 14 16 17 16 23 16 17 14 17 21 20 9 17 20 18 20 17 16 20 19 18 17 12 19 17 21 20 16 14 17 16 16 14 17 17 15 14 20 13 22 12 14 14 17 14 11 17 18 18 16 13
13 12 17 13 12 19 17 15 18 23 16 24 22 15 15 20 21 21 16 12 15 16 20 17 15 17 19 18 19 19 14 17 18 18 17 17 16 17 19 19 17 13 17 16 17 19 17 16 13 20 19 14 20 17 14 14 14 21 11 21 19 15 16 14
13 11 14 14 10 15 14 16 21 18 15 18 17 11 13 15 13 21 14 12 12 14 19 14 10 10 17 18 17 13 16 18 18 17 15 14 13 12 18 18 16 14 16 13 16 13 16 14 18 14 17 14 17 16 14 16 14 13 11 18 13 14 19 12
14 13 18 18 12 16 18 19 19 26 19 21 18 13 16 17 19 26 17 20 17 17 19 19 13 12 20 21 19 14 15 21 19 18 17 10 14 14 20 16 15 18 20 15 14 17 20 15 18 16 23 14 17 18 18 12 17 16 14 21 21 15 15 13
16 16 13 10 13 23 14 17 20 23 19 24 17 14 16 21 20 23 15 13 16 15 23 18 14 16 18 18 17 17 14 19 18 17 14 17 15 18 18 22 18 13 16 16 17 14 18 17 12 19 25 14 18 18 8 16 16 15 11 22 19 14 19 17
14 11 14 14 13 16 16 18 22 23 16 19 19 14 17 19 20 24 15 12 17 17 18 20 11 16 17 17 26 17 14 18 21 19 18 14 17 16 21 19 16 14 20 16 18 14 18 17 15 17 21 16 19 13 16 17 15 19 14 19 16 15 17 13
15 15 16 17 10 20 12 16 18 20 15 16 18 16 12 21 17 26 15 14 12 18 22 20 14 15 20 19 20 13 15 17 16 20 17 20 15 16 13 17 13 20 16 16 19 13 15 13 19 20 21 15 19 15 11 18 19 15 12 20 17 17 18 15
14 11 17 15 12 13 15 18 19 18 15 17 16 15 12 19 20 23 13 15 13 17 21 20 13 12 17 19 15 12 15 18 12 18 15 13 15 14 16 18 13 14 14 15 16 8 20 13 14 20 20 13 17 11 9 14 16 17 11 17 16 13 15 14
16 14 17 14 11 19 16 16 20 19 16 19 18 18 13 20 17 24 14 16 15 17 20 16 18 13 19 23 18 17 14 20 20 18 17 17 15 16 17 19 17 17 17 17 20 16 17 9 21 18 16 15 19 16 13 17 19 18 13 19 14 16 22 15
15 13 14 15 10 15 12 13 20 16 15 15 16 13 10 13 14 17 10 9 13 8 16 15 16 9 15 17 14 12 13 18 13 15 14 12 14 16 18 15 14 14 17 17 16 13 16 12 13 14 15 10 17 13 7 17 18 16 9 13 12 12 16 12
14 11 16 17 15 17 16 20 19 22 14 19 20 16 13 21 21 21 14 16 14 18 18 16 11 12 15 18 19 17 17 20 18 17 17 15 17 16 20 18 13 19 16 18 19 17 18 18 17 16 18 14 22 13 14 12 16 16 13 22 17 11 16 13
14 10 17 17 13 15 19 17 19 22 14 22 17 19 10 19 20 23 18 17 11 16 19 17 9 14 23 19 22 14 16 16 18 18 14 16 14 14 17 20 17 16 19 13 15 16 18 14 16 20 17 15 18 12 15 15 16 21 12 17 15 20 19 16
16 12 13 19 12 15 14 15 18 20 18 18 16 17 13 16 19 21 17 14 12 14 20 17 12 12 16 19 17 13 14 20 13 19 16 13 8 17 15 15 15 16 17 15 16 14 17 10 16 15 19 12 18 14 9 14 18 14 9 18 19 12 19 14
16 14 16 14 17 18 17 15 23 26 17 24 21 17 17 17 22 28 17 16 19 18 21 18 14 13 17 18 19 15 15 19 20 19 19 16 15 15 17 20 20 15 19 13 22 13 19 17 13 20 21 16 21 17 14 16 18 17 15 22 21 15 17 13
13 11 13 13 10 16 13 16 14 20 13 18 16 12 11 17 12 21 14 15 13 13 17 15 12 15 19 16 15 14 13 15 17 14 14 12 11 8 14 12 14 12 16 12 16 13 12 9 13 15 14 13 19 14 12 12 12 16 9 12 15 18 13 13
13 17 20 16 12 18 20 14 23 28 17 23 21 13 20 21 20 24 17 15 17 18 23 24 14 16 16 20 21 15 16 19 20 20 18 16 15 13 20 19 16 14 18 14 20 17 21 17 19 16 23 13 19 17 18 17 17 15 15 24 19 15 18 16
18 12 18 18 16 20 17 19 21 23 19 22 21 17 21 22 21 26 19 19 16 20 28 21 14 16 20 23 22 18 20 21 20 21 18 18 16 16 22 21 19 17 19 19 20 16 22 16 18 19 24 17 22 19 16 21 18 18 12 22 16 15 18 14
11 10 17 14 17 19 19 14 17 22 13 19 17 16 15 17 20 21 12 16 12 18 22 16 11 12 18 17 18 16 16 16 20 13 16 15 14 14 20 22 18 15 17 18 15 16 22 14 15 18 19 13 19 12 13 12 13 14 8 18 15 20 14 12
11 9 14 14 12 16 12 12 14 19 16 16 15 8 14 14 14 18 12 10 12 15 18 15 7 10 13 16 13 10 12 13 15 16 15 10 11 10 14 13 17 12 13 13 14 11 15 13 12 9 16 11 15 12 12 15 14 8 9 14 10 10 16 14
19 12 19 15 14 17 14 16 19 21 20 21 18 13 14 18 21 23 16 13 14 14 21 21 11 11 18 19 18 13 17 19 16 20 16 20 19 14 16 20 20 14 17 14 20 17 17 18 19 21 17 14 22 18 15 16 15 20 12 18 18 15 17 14
10 10 10 8 12 16 12 14 12 16 14 14 13 9 13 17 17 18 9 10 11 15 18 14 11 11 11 14 11 11 9 15 11 14 10 10 13 13 14 16 12 9 10 15 13 9 14 11 10 14 13 7 11 11 6 9 10 12 7 12 12 10 13 12
15 11 14 14 13 15 13 16 19 18 13 15 14 12 13 17 17 23 12 18 14 19 20 13 12 9 19 17 17 13 17 24 17 18 18 11 16 17 18 16 13 16 20 16 16 14 15 14 16 16 14 13 18 17 14 12 18 18 11 19 19 12 16 12
19 15 18 16 12 16 14 18 23 19 20 20 15 18 14 16 18 22 18 15 11 16 21 20 14 17 13 17 20 17 12 18 15 18 16 16 16 18 17 18 15 17 18 18 17 15 18 14 17 18 23 16 19 13 10 17 16 15 12 20 19 13 17 17
15 12 16 11 14 20 12 22 18 23 20 21 20 16 16 19 16 23 12 17 18 16 20 19 11 15 19 20 17 19 16 17 24 19 15 13 18 14 21 17 19 16 16 18 17 14 14 11 14 16 19 14 21 14 12 13 18 14 9 15 14 15 18 16
16 13 14 16 13 11 16 17 17 21 17 17 19 10 14 15 17 23 19 17 19 17 19 19 12 14 20 17 19 12 17 19 18 22 14 16 17 13 17 17 18 18 18 14 20 15 14 14 17 18 18 18 19 21 17 12 12 17 13 18 19 17 16 12
