21 72 0 0 17 44 16 25 18 20 30 12 0 0 12 0 0 0 58 4 0 0 24 15 6 7 20 35 48 0 0 12 20 0 0 0 0 0 28 0 0 0 44 0 63 0 0 0 48 20 21 10 48 48 0 24 21 24 0 0 0 24 0 0
10 8 16 0 28 51 0 28 58 28 15 42 56 20 16 35 56 24 48 0 0 16 0 17 8 32 0 0 9 0 10 21 42 20 0 0 0 10 72 16 20 0 12 0 0 0 0 75 22 43 109 10 0 24 4 72 73 70 0 64 36 40 20 32
3 4 0 0 0 0 0 0 30 0 0 0 42 20 8 0 28 16 24 18 18 22 2 15 27 18 15 0 2 0 16 18 5 23 7 14 0 9 0 0 0 0 0 42 18 0 78 47 0 0 0 73 6 2 0 36 0 0 0 0 0 20 27 0
54 18 0 24 42 18 0 105 9 42 21 54 0 56 0 46 0 61 58 5 0 15 0 16 12 0 0 14 0 0 0 0 8 12 0 0 0 0 0 24 0 36 0 34 0 0 0 0 12 24 0 10 27 0 0 0 54 12 2 24 37 10 0 0
0 0 0 0 0 80 32 0 0 0 82 16 42 0 0 49 0 0 0 8 0 0 78 0 55 0 40 36 84 0 0 35 0 42 49 14 0 18 56 0 0 0 64 42 0 35 63 0 88 8 42 108 0 106 0 0 24 42 30 103 18 48 7 0
9 0 15 18 14 0 0 89 24 0 10 0 0 0 16 0 8 32 18 0 8 20 84 0 6 17 0 56 0 0 32 27 36 32 32 0 0 9 0 0 0 0 7 14 39 0 0 0 0 38 0 0 0 4 99 6 0 2 28 0 0 16 0 15
25 0 16 0 0 36 0 10 0 0 0 0 36 0 0 0 0 0 0 0 6 0 0 5 0 64 5 14 0 0 20 98 0 0 6 12 12 0 0 0 0 0 0 36 6 0 54 4 0 30 4 54 30 4 0 8 40 0 0 0 0 0 0 36
0 0 0 0 0 0 0 0 32 0 0 0 62 18 20 0 0 64 0 0 1 25 11 7 8 0 0 0 0 7 40 0 0 82 1 2 0 0 0 0 56 63 0 18 0 0 72 0 0 0 64 30 0 6 42 0 0 0 0 148 0 54 0 18
25 7 0 0 7 16 8 35 35 77 0 54 7 42 0 0 55 3 90 26 0 16 12 32 37 67 10 0 12 0 42 0 8 0 0 0 2 30 25 74 0 6 16 0 72 0 20 0 22 84 14 0 0 0 0 63 45 11 0 8 24 89 0 8
12 0 0 20 49 25 15 34 17 20 37 0 0 47 0 32 0 8 18 0 0 35 0 15 2 0 0 0 27 0 0 35 0 0 22 0 0 0 56 3 0 0 15 45 0 10 40 20 28 0 42 6 24 0 0 6 0 75 0 35 21 25 2 56
63 0 0 0 0 0 27 0 36 60 81 8 0 6 27 48 0 0 0 0 0 0 2 48 0 0 0 42 0 0 0 0 24 0 0 0 0 0 0 126 0 0 0 48 0 0 0 0 0 64 0 30 0 0 0 63 0 24 0 0 8 0 18 81
0 0 32 49 113 72 0 0 0 0 24 0 0 0 42 0 0 40 0 8 0 24 0 0 0 0 0 0 0 0 40 40 0 0 0 0 24 0 0 0 0 0 0 0 0 0 0 0 0 0 8 63 143 8 0 16 0 0 0 0 40 0 42 72
1 0 0 56 91 8 4 0 0 0 0 3 0 3 48 0 0 0 0 1 0 0 6 0 0 0 5 0 6 0 3 7 4 0 0 0 2 0 50 0 0 21 8 0 0 0 0 0 36 0 30 72 72 0 0 0 0 48 0 27 20 24 49 49
8 17 0 72 56 0 0 0 45 0 40 9 0 50 0 0 101 0 54 0 30 0 32 12 24 57 25 8 0 0 42 30 12 5 0 0 6 18 9 0 8 6 0 56 30 0 0 34 0 0 0 4 10 0 0 81 0 14 0 0 15 87 8 0
0 0 0 0 15 0 0 0 0 0 0 0 0 0 0 74 0 0 54 42 0 73 0 35 73 14 0 0 106 0 27 63 31 0 0 0 0 21 0 9 0 0 0 0 0 0 35 0 63 0 0 0 72 0 0 58 0 9 0 63 0 0 9 27
26 18 0 28 2 35 21 18 0 48 35 6 35 63 0 0 2 15 52 0 0 28 66 25 5 30 0 0 0 0 14 35 20 21 0 0 4 6 6 0 0 2 0 6 72 0 0 28 0 16 40 6 12 0 75 0 0 4 0 40 10 14 0 0
5 0 0 0 40 24 12 3 21 0 15 15 0 29 1 0 0 25 0 8 3 15 36 21 0 0 19 0 18 0 0 0 20 0 0 0 10 0 36 0 0 0 24 0 0 0 0 0 27 0 0 0 15 3 0 0 0 10 0 9 50 18 0 0
0 5 24 27 21 62 4 0 25 0 15 0 0 0 0 0 47 0 30 1 0 0 18 0 15 15 5 0 6 0 30 30 0 0 0 0 18 0 7 0 0 0 8 21 0 0 0 0 9 0 6 0 42 6 0 57 0 5 1 0 0 36 0 54
24 45 0 0 68 0 0 47 9 59 69 113 0 16 0 30 0 40 48 8 0 24 24 0 0 8 0 0 0 16 32 0 36 56 34 0 0 0 0 36 36 0 29 43 72 10 24 0 0 36 12 0 24 0 66 28 45 0 0 0 50 15 0 0
10 72 0 0 47 72 0 0 42 21 15 11 0 54 0 0 0 25 0 5 6 15 36 44 0 0 0 0 0 0 24 16 0 0 0 0 0 0 8 27 0 0 0 0 0 0 0 0 4 36 30 0 15 6 0 0 16 25 0 18 31 0 0 8
30 48 0 45 35 0 0 0 30 20 60 0 0 0 20 0 48 0 0 0 0 0 30 25 15 0 0 48 15 0 0 20 35 30 0 0 0 0 0 0 76 0 20 35 0 0 63 28 0 0 35 0 0 0 0 0 35 45 0 0 0 0 0 0
0 0 25 27 7 5 3 0 0 0 5 0 0 7 6 20 0 0 36 0 0 4 0 3 0 0 0 0 0 0 0 50 0 8 0 0 0 15 0 0 0 24 5 0 0 0 0 4 8 0 0 9 9 0 0 10 0 0 0 16 0 0 6 25
0 10 0 8 0 10 6 0 5 18 31 8 0 70 0 49 7 0 6 0 0 8 39 6 74 3 0 42 54 0 27 83 42 49 12 0 0 21 0 24 54 0 0 0 0 12 0 64 63 0 63 58 0 63 2 51 36 21 35 95 27 5 43 27
0 0 43 0 0 72 36 0 0 0 0 0 0 0 2 54 0 0 54 9 0 53 54 0 40 0 45 0 165 0 0 63 0 0 0 0 0 21 63 9 0 0 79 0 0 0 0 0 81 6 35 20 72 35 2 32 20 0 0 108 23 54 0 35
27 0 0 0 0 0 0 0 0 0 0 0 24 0 0 0 0 0 54 0 0 0 5 0 0 9 0 6 0 0 0 0 0 7 4 8 0 3 0 0 0 0 0 24 81 0 36 0 0 18 0 36 0 0 0 0 0 0 5 0 0 0 0 0
18 36 0 0 0 0 0 0 0 12 63 32 0 34 0 72 0 0 36 0 12 0 16 72 0 6 10 63 0 0 6 26 36 0 0 0 0 0 0 16 36 63 0 72 66 8 0 8 14 12 0 45 4 0 8 28 0 38 0 81 0 54 2 24
3 3 54 0 0 12 0 0 15 8 30 12 0 36 0 0 21 0 18 0 0 0 4 0 0 33 0 0 2 0 0 27 2 7 0 0 6 0 0 0 0 0 0 0 0 0 0 63 12 6 0 18 0 48 0 27 0 0 0 0 0 15 43 0
59 72 0 0 64 72 6 0 8 0 38 0 0 0 6 0 0 40 0 8 0 24 0 0 0 0 0 72 0 3 16 0 0 77 0 0 0 16 64 12 128 0 0 0 0 0 27 64 0 0 0 9 24 0 0 14 0 16 0 0 40 0 4 18
25 72 4 0 45 36 0 0 0 0 15 3 0 0 0 42 0 25 52 5 0 50 0 5 0 0 0 0 63 0 14 11 0 0 0 0 3 0 0 7 0 0 0 0 0 0 0 0 0 30 10 0 108 1 0 16 40 6 0 49 25 0 0 9
9 0 9 18 14 54 0 56 62 36 10 0 0 0 36 0 8 0 18 0 16 0 58 45 6 3 0 0 27 2 12 36 72 24 64 0 1 12 48 0 40 0 44 14 51 0 18 48 0 70 63 6 0 0 72 0 63 86 56 0 0 32 0 0
0 0 0 0 0 0 0 14 37 0 0 0 0 45 0 15 0 0 0 0 9 0 68 35 0 0 0 36 0 0 0 0 36 42 16 0 0 18 0 0 0 0 2 0 6 0 0 0 0 16 0 0 0 5 18 0 0 0 44 15 0 8 0 0
0 0 0 0 24 90 0 0 0 32 0 0 0 0 0 20 0 0 0 0 42 0 0 0 16 0 35 0 40 0 16 42 56 32 0 0 0 16 64 0 32 0 0 18 42 0 0 92 0 0 0 16 14 0 0 64 0 16 0 0 0 0 0 0
18 27 0 0 0 27 0 54 0 0 0 3 0 8 4 0 0 0 0 0 0 0 72 0 0 18 20 21 12 0 9 14 40 42 0 0 0 0 0 0 16 0 0 0 0 0 0 0 0 0 9 0 0 0 109 0 0 6 0 0 0 0 42 0
9 0 51 0 0 36 0 15 54 36 10 27 7 0 36 0 8 3 0 0 0 0 40 45 73 10 0 0 81 0 35 154 82 0 0 0 30 21 27 0 8 0 43 0 0 0 18 8 35 0 138 54 28 67 45 22 99 95 0 89 72 0 5 86
0 126 0 0 21 63 0 0 0 7 63 64 0 0 0 0 0 0 0 0 0 0 43 0 0 0 9 18 0 0 21 32 63 70 0 0 0 9 24 9 36 0 0 14 0 14 0 0 12 8 39 0 0 0 126 0 0 41 15 0 10 0 0 24
18 24 0 0 9 0 0 35 5 0 0 117 56 28 0 25 4 24 0 0 10 15 29 8 8 20 0 24 0 39 100 0 92 15 103 0 6 12 9 0 48 34 50 0 15 0 27 0 0 40 91 9 0 0 45 0 0 6 35 64 15 48 0 0
0 45 40 0 0 0 0 6 0 28 99 94 0 67 2 103 9 0 0 0 0 18 34 18 9 45 8 0 0 0 63 117 54 0 54 0 0 51 0 0 0 45 8 0 0 55 0 0 0 0 0 27 0 0 10 16 0 54 0 63 0 63 9 40
72 45 9 0 5 0 0 73 7 12 0 0 6 58 0 0 0 28 10 0 0 0 64 6 18 16 0 0 0 0 0 0 0 0 1 2 1 0 0 16 36 0 0 6 0 0 9 0 0 36 0 9 30 0 72 28 48 6 3 0 0 15 0 0
0 0 0 0 0 0 0 0 0 0 0 9 0 0 0 5 0 0 0 0 0 3 0 0 0 0 4 0 0 0 0 8 35 0 0 0 0 0 0 0 16 6 0 0 0 0 0 0 0 0 0 0 0 0 28 0 0 0 0 0 0 0 0 0
36 0 0 36 4 45 27 42 6 0 45 28 49 99 0 0 0 45 0 0 0 36 29 27 7 0 0 30 0 16 32 45 0 35 28 0 0 15 0 0 0 0 20 0 0 0 0 36 0 0 68 0 0 0 0 0 0 0 25 56 0 0 0 0
12 0 0 0 0 21 0 0 0 0 0 0 0 0 0 0 0 0 24 0 0 0 0 0 0 4 0 0 0 0 0 0 0 0 0 0 0 0 0 0 0 0 0 21 36 0 0 0 0 8 0 0 0 0 0 0 0 0 0 0 0 0 0 0
0 72 8 0 0 0 0 42 6 0 72 64 0 0 2 0 0 0 0 30 12 28 56 25 45 10 6 0 0 0 0 12 101 0 48 0 0 15 0 0 24 0 6 0 18 16 25 0 0 54 0 0 0 0 114 0 0 0 42 0 8 24 0 0
29 40 0 20 0 23 4 0 0 0 0 12 0 0 0 25 0 0 45 1 0 0 6 0 0 0 5 40 6 0 0 0 16 35 0 0 8 0 19 0 40 30 8 15 0 0 0 0 19 0 0 0 0 0 0 0 0 8 0 20 20 6 0 0
15 24 25 63 49 0 0 0 14 0 35 0 0 0 1 0 28 14 0 0 0 4 28 0 85 28 21 24 48 61 0 0 0 15 0 0 0 0 0 0 64 0 0 49 0 0 108 0 0 3 56 47 0 77 1 0 32 63 0 72 42 0 0 0
0 0 27 0 0 0 0 6 0 0 27 0 0 13 2 72 0 0 0 0 0 0 20 72 0 0 16 87 0 0 0 16 92 28 0 0 3 12 0 0 32 0 0 72 0 0 0 0 0 0 0 45 0 0 56 0 0 36 20 0 0 0 0 0
48 0 0 0 0 0 0 98 5 63 24 81 0 38 0 64 0 20 36 0 0 0 0 64 24 6 0 56 0 0 0 0 32 0 0 0 0 0 0 36 0 0 0 64 54 0 0 0 0 48 0 40 0 0 0 0 81 40 4 0 18 20 0 0
5 9 14 0 0 97 32 0 9 0 0 0 0 0 0 0 7 4 6 26 0 12 48 15 27 17 46 8 48 16 10 10 3 5 0 0 6 9 56 0 8 0 64 15 0 0 33 0 72 0 2 0 14 8 0 13 0 16 0 0 4 53 0 18
8 27 0 0 3 0 0 0 45 0 12 24 0 55 36 14 5 72 6 0 0 45 9 10 26 25 0 0 18 0 107 10 32 72 12 0 16 15 24 0 0 5 0 0 0 10 0 35 0 0 21 28 18 30 0 0 12 28 0 41 49 35 22 0
0 0 12 0 18 18 0 0 0 0 0 0 0 0 3 0 0 0 0 18 6 24 0 15 39 6 5 0 30 0 0 6 3 0 0 0 0 9 0 0 0 0 0 18 6 0 15 4 0 9 0 0 2 0 3 48 0 0 0 0 12 0 0 0
0 0 9 0 0 24 0 27 6 3 27 0 0 13 0 90 0 6 18 0 0 15 72 72 0 30 9 63 27 24 27 63 36 0 0 0 0 0 0 7 9 0 0 96 0 0 27 0 63 0 0 45 24 9 81 13 0 69 0 21 6 0 9 27
0 0 0 0 0 0 0 5 5 0 6 0 0 0 4 7 0 8 0 0 0 5 1 0 1 0 0 7 0 0 8 5 0 8 6 0 0 0 0 0 0 0 0 0 0 5 0 0 0 0 0 3 0 1 0 0 0 6 0 7 0 0 1 0
0 8 0 0 8 0 0 21 19 0 0 0 0 0 0 0 0 0 0 0 6 0 12 0 0 0 0 4 0 0 0 0 27 6 24 0 0 0 0 0 0 0 3 0 9 0 0 0 0 40 0 0 0 4 27 0 0 0 21 0 0 12 0 0
0 0 70 63 87 48 24 0 0 0 0 21 0 0 58 0 0 0 0 24 0 28 39 15 41 6 30 0 71 12 24 0 3 0 21 0 6 9 42 0 0 0 63 0 0 0 15 0 54 12 9 81 81 0 4 56 0 0 0 0 16 36 54 0
0 63 0 0 24 0 0 56 62 68 72 110 0 0 36 30 0 15 0 3 16 27 78 45 0 0 0 0 27 0 0 36 146 0 64 0 0 0 0 0 0 36 44 0 24 14 0 0 0 64 63 16 9 0 86 0 63 72 56 0 15 32 0 0
12 0 0 0 9 0 0 35 18 35 0 153 0 0 12 25 0 0 0 0 0 15 44 15 36 0 0 42 17 36 72 12 43 77 63 0 0 21 0 20 0 30 57 0 0 0 0 0 0 20 48 0 0 0 0 0 66 36 41 0 10 30 28 0
0 36 3 0 35 36 0 49 2 49 18 67 14 0 0 21 0 8 0 0 0 0 0 0 5 4 9 0 0 8 12 35 42 0 18 0 0 0 40 28 24 0 0 0 0 15 9 0 20 28 58 9 0 3 42 0 63 79 0 37 31 0 3 40
0 0 54 0 0 0 0 0 0 0 0 0 0 0 0 0 0 0 0 0 36 0 0 0 0 0 30 0 0 0 0 36 0 0 0 0 6 0 0 0 0 0 0 0 36 0 0 24 0 0 0 0 12 0 0 0 0 0 0 0 0 0 0 0
0 0 10 0 0 0 0 0 0 0 0 0 0 28 0 0 4 0 0 0 0 0 0 8 64 20 0 0 48 0 46 60 0 0 0 0 0 18 0 0 0 4 2 0 0 0 0 0 42 0 56 32 0 56 0 4 32 6 0 72 24 28 6 28
21 0 0 0 0 0 9 20 12 0 21 0 0 50 9 36 2 0 36 0 0 30 0 4 0 10 0 28 54 0 14 0 0 0 0 0 0 6 0 24 0 2 0 0 0 0 0 63 0 0 0 18 48 0 0 33 0 0 0 42 0 14 42 27
42 0 0 0 28 0 0 61 7 0 0 0 0 50 4 0 0 28 0 0 0 0 0 0 0 0 16 0 0 3 0 0 0 0 0 0 0 0 32 0 24 0 0 0 0 0 27 0 16 0 24 9 0 0 0 0 0 36 0 0 12 0 0 32
33 0 0 36 28 0 0 0 0 18 20 0 0 24 0 0 16 0 24 0 0 0 16 0 52 4 3 0 44 0 0 6 35 49 0 0 0 0 0 24 66 0 0 28 36 0 0 0 0 8 35 20 0 35 21 42 20 4 0 45 15 0 49 0
0 0 0 0 0 2 0 24 0 28 5 2 0 51 8 0 5 0 0 0 0 0 14 10 0 25 32 0 0 0 35 0 0 0 0 0 0 15 0 0 0 5 0 0 0 0 0 0 2 1 0 0 0 8 0 0 0 0 0 0 0 35 0 0
0 72 45 0 25 0 0 12 0 0 96 71 0 8 4 28 0 0 0 0 0 0 33 0 20 0 16 0 40 9 8 20 0 28 31 0 5 0 0 0 40 0 5 8 0 36 45 0 0 0 3 27 0 0 44 64 0 24 0 28 0 0 4 0
20 33 0 0 7 0 0 0 5 0 0 0 0 0 0 0 7 0 6 0 0 0 0 0 0 3 0 32 0 0 0 0 0 20 0 0 0 0 8 0 32 0 0 0 0 0 0 0 4 0 6 0 0 0 0 9 0 9 0 0 3 5 0 8
