1138 1199 1081 1049 993 1070 1058 1116 960 1022 1054 1054 1246 1162 1149 1132 1272 989 1055 989 1151 1153 1054 1090 1103 908 1005 1201 1034 1112 1216 908 1037 1181 1386 1019 1148 908 1035 1112 1123 848 1096 911 1225 1161 1206 1109 969 1116 1170 1213 1237 912 888 1114 1196 1020 958 1085 1038 1071 1200 1094
1536 1626 1527 1485 1505 1452 1364 1671 1474 1428 1510 1551 1585 1574 1475 1665 1662 1325 1453 1461 1531 1596 1403 1627 1505 1237 1380 1558 1411 1493 1537 1332 1352 1455 1762 1462 1589 1413 1507 1463 1442 1314 1537 1451 1546 1506 1513 1644 1431 1484 1553 1562 1611 1315 1427 1727 1540 1279 1325 1404 1427 1482 1565 1635
1627 1359 1337 1328 1404 1323 1329 1489 1220 1266 1331 1469 1538 1405 1372 1411 1564 1198 1304 1278 1319 1664 1238 1453 1392 1182 1150 1338 1162 1352 1483 1189 1320 1391 1714 1382 1448 1255 1368 1406 1441 1178 1260 1235 1414 1430 1478 1368 1249 1299 1511 1561 1572 1281 1189 1536 1346 1348 1243 1355 1217 1225 1310 1451
1266 1372 1370 1333 1210 1271 1213 1491 1306 1158 1202 1369 1470 1305 1236 1440 1468 1168 1205 1146 1429 1465 1174 1416 1291 1193 1169 1302 1073 1356 1325 1163 1207 1285 1578 1154 1351 1174 1341 1245 1386 1011 1262 1232 1159 1164 1348 1400 1170 1389 1343 1400 1298 1122 1160 1377 1365 1198 1180 1251 1201 1275 1288 1421
1197 1230 1318 1227 1298 1174 1190 1242 1290 1145 1124 1357 1525 1388 1259 1340 1332 1072 1103 1109 1334 1394 1183 1296 1219 1059 1170 1342 1059 1282 1363 1172 1167 1351 1506 1200 1276 1099 1252 1242 1245 975 1310 1146 1288 1265 1153 1359 1126 1242 1436 1303 1216 1268 1076 1497 1203 1168 1062 1113 1175 1090 1266 1214
1278 1238 1051 1116 1100 1201 1125 1176 1166 1152 1204 1278 1264 1318 1274 1254 1335 1042 1126 1134 1255 1324 1123 1239 1306 1032 1099 1260 1099 1188 1251 1055 1275 1195 1551 1205 1277 1049 1149 1291 1120 1015 1351 1105 1188 1275 1187 1416 1222 1226 1244 1338 1284 1109 1108 1322 1198 979 1122 1102 1177 1146 1240 1233
1473 1499 1567 1250 1401 1440 1346 1513 1405 1557 1437 1535 1685 1655 1518 1537 1633 1280 1337 1472 1455 1623 1415 1481 1585 1176 1318 1483 1274 1482 1628 1304 1377 1591 1709 1431 1504 1215 1430 1522 1431 1306 1474 1254 1484 1537 1519 1560 1410 1282 1618 1567 1477 1443 1248 1581 1503 1359 1374 1405 1385 1461 1561 1538
1160 1231 1195 1219 1156 1090 1028 1290 1207 1083 1045 1188 1398 1294 1055 1356 1298 1035 974 1015 1300 1176 1149 1284 1225 1030 1167 1384 1088 1194 1133 1119 1105 1216 1448 1166 1263 1042 1220 1091 1152 1148 1225 1078 1292 1300 1147 1271 1004 1232 1269 1220 1159 1190 1180 1397 1325 1074 1135 1110 1173 1127 1219 1291
1266 1217 1291 1160 1262 1194 1243 1316 1192 1212 1229 1377 1396 1313 1245 1343 1314 1116 1130 1207 1295 1400 1176 1199 1292 955 1124 1262 1068 1344 1324 1020 1194 1279 1652 1340 1339 1077 1217 1305 1314 978 1374 1091 1278 1331 1401 1287 1184 1177 1293 1391 1357 1172 1097 1270 1211 1220 1174 1172 1142 1261 1307 1209
1048 1197 1150 1007 1073 1075 848 1221 1111 1246 1080 1229 1346 1291 1149 1260 1219 1031 1002 1111 1113 1226 1174 1207 1158 985 892 1195 1097 1161 1233 1042 1054 1175 1324 1124 1100 1060 1213 1115 1028 1104 1199 1086 1314 1184 1074 1208 1105 1092 1307 1175 1096 1257 1071 1292 1187 990 975 1043 1207 992 1148 1206
1233 1210 1103 1027 1126 1099 1116 1327 1115 1177 1191 1228 1281 1268 1173 1324 1243 969 1053 1065 1180 1355 1136 1113 1216 845 1016 1216 993 1344 1259 1014 930 1136 1538 1174 1213 1092 1066 1164 1195 970 1252 1071 1218 1133 1290 1305 1159 1103 1187 1197 1193 1206 883 1164 1245 1012 1157 1241 1191 1148 1091 1314
1394 1483 1329 1242 1269 1263 1281 1397 1322 1201 1313 1321 1463 1436 1183 1527 1486 1171 1206 1158 1355 1427 1290 1333 1371 1134 1323 1486 1204 1366 1332 1286 1259 1381 1702 1359 1463 1252 1273 1268 1302 1151 1421 1200 1553 1412 1270 1377 1261 1227 1347 1575 1388 1283 1220 1507 1517 1182 1263 1324 1218 1277 1301 1296
1535 1494 1598 1449 1452 1374 1314 1611 1455 1568 1463 1663 1818 1610 1494 1554 1715 1300 1305 1535 1512 1720 1579 1573 1636 1232 1361 1681 1320 1567 1682 1362 1327 1520 1829 1452 1604 1294 1603 1567 1665 1343 1523 1368 1611 1677 1563 1580 1451 1502 1718 1499 1591 1524 1354 1567 1517 1346 1370 1439 1490 1410 1556 1594
1257 1269 1194 1124 1105 1183 1093 1255 1130 1088 1180 1270 1194 1141 1244 1262 1278 980 1069 992 1291 1306 1081 1182 1300 910 1201 1327 1030 1076 1217 1174 1006 1265 1520 1203 1285 1137 1065 1202 1220 954 1224 981 1252 1243 1198 1298 1097 1268 1245 1282 1246 1018 1125 1282 1270 949 1044 1118 1140 1152 1264 1244
1080 1282 1373 1066 1163 1151 1116 1261 1153 1200 1129 1207 1475 1260 1214 1296 1306 1027 1015 1059 1330 1329 1098 1163 1255 952 1098 1199 1068 1336 1124 1038 1055 1187 1428 1160 1208 1007 1128 1159 1290 1101 1252 1016 1098 1130 1333 1251 1042 1149 1277 1208 1100 1168 987 1261 1325 1099 1087 1218 1251 1158 1265 1376
1067 1177 1255 1111 1141 1120 1011 1162 1014 1192 1087 1161 1289 1114 1118 1190 1279 999 1093 1094 1047 1264 1023 1180 1112 959 886 1210 1098 1125 1208 927 969 1164 1324 1255 1141 1092 1187 1114 1245 971 995 952 1219 1095 1276 1138 1096 997 1049 1194 1166 1057 942 1163 1206 1087 973 1042 1049 1017 1101 1279
1340 1401 1272 1337 1235 1326 1103 1436 1349 1344 1335 1582 1440 1443 1380 1457 1336 1220 1177 1165 1437 1521 1326 1303 1472 1223 1118 1396 1370 1386 1413 1144 1198 1318 1680 1482 1456 1319 1251 1356 1276 1012 1516 1197 1405 1463 1394 1527 1499 1327 1393 1428 1427 1304 1495 1443 1401 1280 1079 1191 1330 1354 1339 1491
1125 1212 1154 1068 1003 953 948 1255 1054 1130 1007 1138 1249 1184 1052 1021 1253 988 924 972 1044 1171 1028 1080 1140 855 962 1071 918 1024 1049 920 1045 1041 1314 1010 1108 1030 915 1055 1077 956 1159 933 1213 1153 1215 1155 968 1004 1095 1120 1152 1013 1018 1206 1115 1068 1036 1091 1055 1017 1105 1111
1285 1361 1306 1245 1220 1054 1176 1370 1221 1221 1116 1178 1410 1354 1111 1270 1376 1063 1118 1155 1264 1444 1168 1189 1158 962 1275 1242 982 1204 1271 1145 1062 1252 1483 1185 1326 1141 1197 1235 1299 1018 1191 1163 1291 1286 1264 1230 1094 1154 1413 1341 1217 1301 1041 1293 1283 1179 1126 1181 1198 1011 1190 1228
1419 1343 1330 1244 1303 1300 1279 1357 1344 1281 1339 1278 1425 1510 1298 1360 1443 1135 1263 1230 1345 1410 1282 1350 1346 1203 1274 1354 1185 1369 1546 1245 1271 1377 1599 1218 1395 1175 1236 1395 1305 1106 1277 1152 1411 1356 1394 1535 1180 1452 1497 1318 1464 1225 1283 1385 1347 1134 1150 1392 1276 1101 1295 1395
1278 1316 1212 1144 1124 1175 1045 1164 1182 1169 1370 1213 1243 1361 1152 1359 1283 1010 1115 1207 1239 1425 1188 1207 1155 956 1025 1273 1095 1332 1248 1039 1087 1180 1441 1221 1339 1138 1109 1200 1217 963 1197 1072 1350 1216 1372 1326 1091 1203 1247 1363 1326 1167 1080 1323 1232 1045 1047 1056 1142 1126 1217 1198
1380 1452 1476 1285 1249 1307 1168 1524 1255 1405 1348 1501 1526 1389 1361 1475 1363 1235 1080 1131 1367 1490 1418 1405 1659 1079 1125 1471 1217 1307 1334 1217 1140 1410 1776 1439 1371 1335 1304 1374 1374 1129 1446 1167 1557 1516 1404 1499 1281 1238 1368 1449 1393 1389 1297 1421 1488 1350 1268 1264 1355 1326 1440 1448
1298 1325 1270 1265 1200 1154 1219 1341 1201 1136 1179 1124 1341 1330 1231 1328 1304 1008 1128 1132 1337 1275 1233 1146 1247 939 1207 1265 1123 1284 1357 1192 990 1266 1488 1248 1331 1025 1313 1253 1260 926 1301 1115 1348 1340 1320 1345 1047 1226 1344 1295 1324 1154 1139 1293 1395 1155 1126 1240 1182 1141 1250 1280
1549 1755 1691 1684 1416 1463 1478 1849 1622 1529 1654 1732 1731 1771 1618 1725 1696 1348 1436 1476 1881 1774 1556 1634 1683 1288 1487 1660 1360 1608 1710 1504 1514 1704 2055 1584 1721 1440 1516 1635 1552 1303 1725 1502 1637 1679 1663 1652 1509 1611 1735 1803 1719 1562 1602 1731 1675 1501 1381 1484 1653 1523 1732 1585
1349 1591 1602 1349 1353 1256 1452 1431 1272 1390 1428 1549 1477 1461 1285 1549 1507 1315 1244 1318 1372 1571 1432 1467 1578 1094 1270 1384 1280 1542 1515 1247 1427 1407 1686 1392 1377 1138 1483 1415 1350 1220 1465 1253 1478 1428 1472 1480 1380 1426 1473 1463 1498 1286 1287 1454 1440 1276 1314 1425 1231 1366 1452 1348
1329 1450 1373 1254 1235 1241 1253 1496 1402 1261 1276 1379 1350 1467 1274 1377 1396 1078 1163 1169 1396 1486 1376 1366 1261 1058 1154 1257 1111 1444 1371 1239 1123 1240 1552 1201 1375 1282 1247 1197 1284 1012 1372 1186 1321 1249 1304 1454 1196 1280 1351 1317 1299 1200 1186 1423 1401 1137 1119 1290 1182 1255 1242 1328
1301 1254 1210 1148 1101 1240 1128 1425 1117 1258 1178 1275 1311 1311 1290 1228 1284 1180 1048 1134 1384 1310 1310 1335 1320 1041 1063 1285 1166 1313 1242 1205 1067 1266 1538 1122 1327 1168 1350 1259 1231 1155 1278 1099 1452 1393 1327 1390 1072 1278 1318 1263 1304 1160 1274 1336 1332 1136 1075 1128 1199 1073 1225 1368
1231 1172 1083 1218 1004 1237 1167 1173 1069 1050 1233 1225 1267 1256 1069 1395 1310 1148 1055 1048 1283 1325 1111 1259 1178 989 1129 1304 998 1174 1256 1030 1122 1265 1598 1171 1355 1011 1030 1218 1141 887 1280 1027 1225 1306 1186 1250 1132 1201 1237 1294 1305 1115 1119 1232 1295 1143 1085 1096 1047 1149 1244 1094
1409 1415 1355 1307 1354 1309 1262 1516 1309 1517 1373 1318 1576 1553 1402 1486 1567 1242 1229 1345 1376 1454 1378 1303 1427 1195 1128 1361 1316 1591 1443 1168 1269 1280 1642 1411 1481 1205 1393 1395 1384 1213 1505 1294 1435 1471 1502 1530 1359 1291 1470 1472 1411 1327 1414 1372 1439 1345 1346 1348 1293 1341 1295 1540
1348 1384 1417 1299 1282 1377 1320 1519 1337 1439 1388 1551 1535 1431 1330 1411 1478 1300 1221 1257 1494 1596 1429 1534 1425 1190 1370 1515 1165 1533 1429 1301 1446 1549 1717 1446 1505 1269 1425 1247 1473 1289 1523 1293 1477 1407 1511 1474 1417 1468 1426 1575 1399 1375 1331 1514 1480 1305 1228 1251 1327 1282 1222 1519
1244 1226 1280 1280 1158 1212 1217 1280 1142 1259 1089 1335 1416 1391 1215 1394 1314 1161 1188 1207 1296 1448 1194 1214 1199 1096 1165 1308 1035 1437 1410 1171 1173 1299 1541 1253 1349 1121 1207 1337 1211 1052 1245 1178 1353 1231 1362 1336 1322 1202 1331 1443 1238 1279 1110 1248 1271 1154 1095 1197 1204 1067 1207 1312
1561 1529 1435 1466 1413 1484 1445 1499 1508 1328 1427 1431 1738 1502 1327 1558 1689 1156 1449 1385 1566 1591 1365 1462 1543 1319 1333 1489 1390 1678 1398 1382 1234 1501 1743 1299 1456 1308 1380 1485 1490 1120 1573 1374 1392 1448 1503 1549 1356 1373 1573 1592 1500 1324 1396 1483 1548 1573 1229 1470 1405 1306 1449 1537
1262 1402 1421 1353 1336 1206 1179 1369 1234 1304 1201 1486 1547 1405 1226 1466 1429 1198 1073 1211 1314 1439 1366 1420 1349 978 1234 1513 1210 1444 1293 1319 1174 1362 1700 1291 1377 1211 1320 1285 1351 1377 1417 1231 1469 1310 1343 1315 1227 1347 1407 1226 1297 1305 1215 1558 1452 1071 1262 1290 1350 1232 1294 1434
1386 1407 1381 1348 1291 1420 1299 1498 1258 1328 1310 1456 1532 1453 1355 1516 1432 1253 1272 1118 1438 1450 1333 1437 1376 1200 1238 1420 1149 1382 1428 1213 1185 1394 1739 1321 1433 1330 1213 1369 1316 994 1400 1300 1401 1436 1273 1539 1336 1404 1420 1508 1391 1243 1147 1363 1493 1212 1287 1244 1243 1341 1342 1394
1443 1396 1486 1490 1334 1390 1411 1464 1355 1299 1239 1398 1632 1440 1429 1550 1530 1177 1315 1234 1371 1502 1389 1507 1428 1100 1286 1560 1253 1578 1466 1361 1200 1469 1832 1356 1390 1236 1264 1478 1392 1063 1504 1290 1477 1486 1364 1590 1486 1386 1580 1442 1357 1418 1151 1418 1420 1387 1257 1406 1360 1208 1351 1461
1309 1341 1378 1260 1267 1151 1238 1399 1301 1343 1316 1248 1418 1416 1349 1326 1418 1010 1191 1242 1243 1237 1253 1261 1366 995 1178 1397 1104 1339 1414 1106 1215 1309 1439 1224 1300 1174 1186 1254 1356 1038 1418 1187 1303 1290 1258 1460 1236 1209 1407 1229 1315 1095 1186 1306 1254 1220 1185 1236 1264 1227 1271 1291
1271 1334 1323 1152 1259 1338 1142 1367 1286 1217 1134 1410 1463 1290 1307 1449 1387 1168 1255 1197 1337 1441 1166 1313 1338 1097 1218 1342 1055 1219 1285 1259 1097 1364 1533 1315 1359 1222 1207 1299 1292 1015 1298 1149 1279 1268 1205 1319 1302 1281 1355 1432 1331 1311 1125 1446 1397 1124 1112 1141 1254 1192 1374 1335
1161 1047 1066 1045 890 1030 1056 1147 1072 974 1010 1102 1220 1010 1157 1143 1257 925 911 1033 1205 1073 1105 1174 1122 838 1021 1181 907 1235 1050 925 930 1179 1403 869 1119 943 1063 1095 1107 842 1181 974 1174 1156 1133 1116 1113 1062 1051 1153 1182 1001 992 1155 1077 1026 902 946 1042 998 1094 1100
1361 1450 1368 1286 1354 1304 1294 1362 1269 1422 1211 1326 1621 1422 1337 1450 1496 1209 1265 1147 1334 1398 1326 1326 1338 1131 1266 1279 1129 1448 1372 1264 1196 1326 1572 1298 1385 1260 1328 1295 1289 1063 1457 1279 1463 1358 1259 1392 1302 1358 1427 1552 1312 1323 1292 1375 1405 1305 1339 1344 1175 1202 1229 1347
1525 1610 1556 1432 1326 1421 1360 1555 1411 1285 1394 1458 1494 1545 1480 1459 1577 1207 1450 1297 1477 1733 1375 1596 1500 1267 1237 1475 1154 1417 1541 1320 1295 1503 1676 1334 1454 1338 1384 1461 1374 1100 1418 1325 1447 1340 1553 1632 1349 1512 1494 1520 1442 1288 1339 1582 1426 1346 1207 1516 1349 1304 1454 1536
1378 1352 1313 1268 1374 1233 1132 1466 1214 1325 1118 1276 1457 1447 1335 1472 1320 1195 1175 1138 1302 1258 1255 1314 1344 1073 1255 1312 1136 1204 1354 1136 1091 1281 1436 1327 1428 1237 1173 1167 1175 1103 1345 1194 1322 1320 1324 1343 1270 1233 1345 1323 1367 1262 1109 1420 1348 1139 1259 1268 1237 1230 1249 1472
1509 1454 1620 1493 1397 1374 1389 1615 1504 1327 1328 1638 1670 1618 1506 1629 1595 1354 1264 1337 1541 1673 1453 1633 1505 1285 1370 1574 1131 1480 1586 1461 1403 1516 1816 1423 1633 1379 1515 1550 1503 1266 1447 1296 1519 1514 1579 1529 1366 1523 1663 1429 1606 1430 1414 1734 1522 1311 1253 1489 1387 1393 1589 1573
1376 1226 1227 1169 1286 1130 1241 1266 1283 1268 1208 1356 1422 1318 1256 1368 1323 1208 1139 1143 1319 1343 1258 1325 1382 1143 1217 1404 1180 1328 1353 1174 1139 1275 1632 1250 1331 1159 1124 1289 1216 1112 1280 1074 1442 1317 1221 1266 1350 1271 1404 1237 1447 1394 1223 1366 1239 1184 1116 1354 1163 1056 1281 1302
1504 1270 1342 1220 1262 1268 1233 1478 1239 1367 1268 1294 1435 1444 1423 1318 1415 1243 1255 1322 1352 1476 1290 1363 1417 1152 1217 1338 1070 1242 1519 1258 1201 1365 1651 1299 1413 1221 1338 1489 1244 1183 1179 1216 1473 1467 1442 1400 1260 1250 1524 1360 1482 1282 1337 1316 1248 1278 1195 1444 1257 1096 1391 1404
1365 1451 1455 1363 1310 1334 1257 1447 1442 1425 1414 1572 1609 1550 1367 1567 1514 1171 1138 1432 1389 1531 1390 1443 1466 1041 1225 1526 1128 1421 1386 1196 1271 1475 1664 1374 1418 1298 1236 1403 1420 1131 1580 1304 1453 1457 1400 1429 1366 1273 1486 1537 1434 1342 1158 1543 1423 1252 1385 1189 1329 1318 1448 1351
1220 1478 1511 1335 1263 1250 1325 1454 1348 1422 1310 1422 1495 1471 1350 1484 1495 1154 1172 1305 1345 1399 1368 1411 1495 1080 1167 1457 1241 1477 1450 1145 1284 1430 1723 1496 1457 1198 1321 1379 1516 1206 1437 1093 1492 1367 1447 1495 1360 1346 1339 1456 1387 1294 1240 1288 1414 1340 1308 1249 1326 1246 1368 1464
1323 1415 1474 1284 1096 1166 1177 1237 1237 1257 1359 1326 1518 1432 1292 1453 1338 1068 1165 1169 1353 1350 1254 1178 1394 1037 1110 1335 1246 1387 1353 1115 1177 1220 1497 1187 1408 1160 1138 1329 1260 946 1444 1175 1299 1327 1357 1329 1207 1188 1501 1417 1301 1226 1028 1320 1425 1104 956 1143 1309 1212 1285 1308
1288 1480 1400 1449 1361 1296 1272 1403 1378 1379 1363 1376 1547 1488 1327 1583 1414 1042 1242 1313 1474 1462 1419 1432 1342 1024 1311 1594 1237 1554 1359 1269 1172 1485 1711 1409 1447 1261 1343 1349 1396 1090 1462 1211 1504 1382 1367 1553 1379 1462 1433 1517 1483 1361 1194 1493 1459 1202 1267 1188 1312 1244 1318 1408
1334 1418 1297 1333 1269 1271 1170 1497 1249 1379 1285 1398 1413 1231 1502 1429 1373 1137 1211 1110 1453 1348 1349 1251 1346 1000 1150 1338 1140 1351 1426 1178 1193 1354 1664 1275 1332 1277 1312 1201 1296 980 1417 1122 1356 1273 1268 1325 1276 1364 1216 1475 1463 1141 1266 1381 1357 1225 1279 1188 1226 1307 1362 1324
1188 1239 1369 1214 1191 1225 1187 1292 1253 1313 1125 1304 1435 1365 1218 1326 1384 1023 995 1140 1233 1419 1272 1261 1254 1099 1172 1369 1041 1400 1254 1157 1188 1333 1588 1321 1287 1201 1265 1393 1385 1054 1245 1117 1282 1314 1360 1336 1211 1332 1264 1318 1337 1200 1293 1300 1386 1168 1258 1191 1242 1198 1341 1341
1502 1583 1502 1458 1329 1326 1439 1598 1463 1425 1357 1534 1678 1612 1411 1514 1640 1275 1326 1413 1502 1671 1420 1519 1600 1199 1347 1567 1376 1516 1616 1269 1332 1544 1740 1442 1490 1392 1486 1516 1535 1253 1450 1371 1595 1509 1526 1615 1402 1412 1581 1496 1512 1458 1261 1607 1518 1516 1318 1509 1362 1320 1478 1542
1404 1575 1365 1351 1379 1320 1193 1445 1355 1417 1318 1536 1638 1557 1368 1576 1484 1205 1267 1344 1450 1611 1347 1319 1419 1159 1273 1451 1357 1473 1455 1370 1205 1493 1794 1524 1425 1354 1420 1489 1382 1198 1490 1277 1553 1392 1455 1467 1460 1345 1533 1422 1402 1493 1322 1576 1552 1353 1278 1375 1447 1267 1389 1516
1343 1305 1331 1418 1247 1241 1178 1355 1310 1229 1166 1435 1416 1235 1329 1388 1358 1103 1204 1094 1439 1377 1196 1309 1314 1135 1021 1456 1217 1274 1375 1168 1142 1263 1493 1245 1316 1259 1304 1164 1361 990 1289 1154 1290 1300 1314 1268 1170 1328 1256 1295 1350 1221 1212 1410 1342 1216 1084 1166 1231 1159 1300 1314
1216 1288 1497 1224 1265 1291 1245 1307 1269 1316 1214 1297 1473 1459 1299 1405 1394 1207 1092 1234 1345 1371 1373 1384 1339 1074 1224 1205 1088 1431 1357 1125 1249 1407 1519 1258 1322 1026 1221 1316 1262 1039 1466 1095 1252 1312 1383 1268 1251 1260 1348 1517 1369 1251 1253 1439 1319 1271 1195 1240 1115 1276 1456 1269
1327 1405 1233 1128 1341 1256 1107 1322 1247 1385 1115 1475 1520 1426 1270 1343 1362 1262 1195 1208 1334 1490 1269 1213 1314 971 1271 1322 976 1309 1349 1236 1202 1342 1589 1283 1374 1169 1145 1235 1349 1178 1367 1127 1425 1262 1305 1258 1211 1305 1350 1382 1275 1281 1095 1360 1312 1210 1333 1268 1192 1163 1286 1303
1264 1458 1309 1419 1240 1238 1198 1422 1275 1253 1139 1315 1558 1325 1285 1418 1438 1037 1315 1220 1376 1446 1158 1181 1216 939 1147 1318 1102 1370 1316 1184 1137 1293 1619 1235 1343 1232 1302 1320 1322 1026 1320 1271 1315 1243 1337 1315 1166 1217 1233 1482 1312 1182 1075 1358 1431 1257 1186 1193 1293 1187 1263 1393
1483 1380 1431 1304 1319 1283 1186 1426 1332 1242 1181 1528 1587 1377 1323 1436 1569 1136 1261 1239 1400 1593 1288 1323 1306 1067 1122 1405 998 1300 1337 1211 1217 1277 1508 1303 1366 1250 1340 1364 1320 1076 1371 1260 1287 1364 1382 1217 1235 1356 1445 1434 1390 1343 1284 1511 1256 1282 1219 1207 1254 1196 1367 1345
1475 1538 1414 1308 1425 1297 1259 1512 1414 1392 1352 1507 1634 1440 1440 1560 1488 1234 1338 1269 1388 1510 1336 1414 1552 1089 1226 1333 1306 1393 1447 1229 1311 1322 1835 1391 1460 1404 1424 1428 1396 1144 1497 1147 1499 1459 1372 1531 1335 1363 1444 1580 1451 1367 1251 1468 1423 1288 1304 1350 1360 1335 1397 1447
1093 1168 1291 1155 1200 999 1052 1215 1136 1081 1121 1236 1278 1287 1096 1258 1069 943 1019 1081 1153 1302 1117 1156 1157 775 1031 1161 943 1267 1223 1036 904 1106 1305 1120 1174 1011 1092 1074 1122 921 1192 1063 1094 1167 1166 1178 1052 1064 1338 1091 1105 1153 875 1267 1046 1001 986 1093 1080 1021 1074 1131
1266 1372 1196 1145 1236 1162 1088 1330 1239 1295 1234 1408 1364 1380 1368 1386 1305 1062 1089 1117 1300 1320 1267 1293 1250 977 1100 1355 1169 1316 1368 1174 1225 1428 1576 1346 1326 1148 1301 1250 1198 1149 1363 1129 1467 1269 1260 1344 1287 1328 1370 1282 1385 1185 1296 1389 1315 1179 1183 1188 1260 1229 1280 1358
1437 1390 1338 1312 1326 1327 1220 1622 1221 1394 1238 1557 1549 1336 1452 1472 1383 1230 1280 1330 1515 1442 1399 1353 1466 1013 1143 1384 1265 1531 1355 1174 1158 1300 1776 1344 1466 1267 1410 1327 1435 1210 1450 1173 1395 1473 1458 1427 1385 1283 1363 1344 1415 1258 1274 1368 1393 1312 1164 1229 1357 1361 1433 1483
1452 1409 1290 1224 1219 1230 1222 1320 1271 1407 1223 1379 1397 1309 1366 1420 1419 1000 1168 1230 1425 1328 1265 1277 1492 1024 1126 1421 1213 1361 1405 1255 1063 1357 1595 1250 1296 1226 1282 1371 1262 1134 1349 1120 1531 1315 1267 1424 1278 1297 1276 1344 1320 1276 1255 1308 1342 1186 1200 1250 1222 1174 1302 1323
1364 1360 1359 1294 1328 1257 1247 1487 1284 1397 1270 1514 1627 1393 1490 1407 1432 1180 1192 1168 1464 1566 1240 1295 1395 1019 1172 1354 1084 1364 1436 1200 1187 1364 1590 1282 1483 1279 1361 1317 1418 1097 1355 1144 1279 1330 1472 1320 1225 1298 1472 1366 1353 1265 1206 1383 1441 1273 1177 1304 1292 1356 1334 1500
1293 1315 1330 1120 1263 1207 1133 1389 1106 1217 1280 1311 1347 1267 1184 1356 1263 1020 1230 1161 1331 1358 1145 1104 1363 871 1160 1211 1206 1273 1283 1152 1095 1224 1567 1367 1264 1233 1272 1264 1291 1055 1248 1082 1191 1323 1377 1296 1103 1137 1303 1272 1299 1188 1187 1315 1251 1145 1071 1209 1257 1198 1271 1310
