0 8 0 57 0 0 48 0 0 0 0 0 28 0 2 0 0 0 2 0 0 11 28 0 6 0 0 0 0 3 0 0 0 0 69 30 0 7 27 0 0 4 0 43 12 0 27 0 0 14 0 33 0 0 0 81 0 0 6 18 0 0 0 0
0 135 16 0 0 0 45 0 0 120 0 0 54 0 16 18 0 0 20 120 57 8 8 0 4 0 0 16 91 21 0 0 0 0 111 11 0 0 114 14 0 64 49 92 119 12 95 0 0 0 54 0 80 0 0 102 49 0 84 119 63 55 0 16
0 0 24 7 0 9 0 0 16 0 0 32 0 0 0 0 28 0 0 0 0 0 0 36 0 0 0 35 72 15 45 0 0 16 24 0 0 24 0 0 0 0 32 33 0 35 0 15 32 0 0 9 0 0 0 78 0 0 0 0 0 37 36 16
0 0 0 0 0 0 3 15 27 0 72 32 18 0 0 0 8 0 72 9 36 72 63 0 0 15 125 0 0 0 72 0 0 0 0 1 0 45 0 88 0 0 0 0 0 6 2 9 18 63 0 0 8 0 0 18 66 0 0 36 27 1 0 8
7 48 24 6 0 10 0 0 0 6 0 57 0 0 12 0 28 49 60 0 0 30 0 12 0 0 0 0 0 18 0 0 15 16 36 0 0 62 8 0 0 0 4 42 12 36 0 0 32 44 0 54 0 49 0 24 0 2 21 0 10 24 2 72
0 42 0 72 0 0 0 20 72 89 64 0 16 0 96 32 88 0 64 80 64 64 0 64 0 0 48 0 0 9 24 0 56 0 72 0 0 93 0 72 0 72 0 37 36 0 81 48 0 0 24 27 0 0 0 48 0 0 0 71 56 0 24 72
1 119 56 0 0 0 0 0 0 9 0 14 0 45 2 0 0 7 13 8 49 1 0 0 0 0 0 0 42 0 0 0 27 0 15 0 0 0 0 0 0 8 0 0 4 0 36 42 0 0 14 14 0 7 0 0 0 42 3 70 0 0 36 8
0 60 0 63 0 0 0 42 0 18 0 0 35 42 18 56 0 0 100 16 56 37 56 48 28 0 0 0 0 21 0 42 63 0 68 0 63 49 53 0 0 16 16 76 50 43 2 56 0 16 0 63 56 0 0 0 0 22 63 14 0 0 8 0
0 0 12 9 0 0 0 39 6 0 0 0 4 0 0 0 0 0 12 0 0 0 0 0 0 0 0 0 0 0 0 0 0 0 0 7 0 0 18 7 8 0 0 0 0 0 0 0 0 0 0 0 0 0 0 36 0 0 0 0 0 4 0 0
0 0 0 0 0 0 64 0 0 0 0 0 0 0 0 0 0 0 0 0 0 0 24 0 0 0 8 0 0 0 0 0 0 0 0 0 40 0 0 0 0 0 0 0 0 0 0 0 0 0 0 0 0 0 36 0 0 0 0 48 0 0 0 0
0 71 0 0 0 0 7 0 0 9 0 0 7 0 83 108 54 0 0 0 49 68 0 0 7 35 8 0 42 3 0 0 81 0 6 0 81 88 0 0 0 14 0 7 0 0 35 21 0 35 14 16 0 0 0 0 28 0 54 63 0 0 27 42
0 43 0 49 0 0 63 0 18 24 0 0 0 0 4 6 20 0 8 0 61 10 64 0 3 0 3 0 18 38 0 24 0 0 19 15 15 14 3 0 0 0 0 18 27 0 23 12 0 56 12 18 0 0 0 9 0 32 51 45 0 6 0 18
16 0 0 18 0 0 25 0 0 0 0 0 18 0 12 10 0 0 6 0 54 0 24 0 0 0 0 16 0 0 0 54 2 24 0 5 46 0 12 0 0 6 48 0 45 18 12 0 0 0 24 0 0 0 0 4 0 0 61 0 0 10 0 0
0 0 0 41 0 0 42 0 7 0 0 0 0 0 0 14 0 0 0 0 28 10 0 32 0 0 0 0 0 35 0 63 0 0 0 17 0 0 4 0 0 0 0 16 63 0 65 0 0 0 0 0 0 0 0 0 0 0 63 30 0 14 0 28
0 0 0 0 0 0 0 0 36 0 48 0 12 3 0 0 0 0 48 38 32 30 0 9 0 0 36 6 24 0 0 0 0 0 0 0 0 0 36 54 0 0 0 0 2 0 16 24 9 0 12 0 0 0 0 12 0 0 0 0 54 0 0 36
0 80 0 49 0 0 0 21 0 42 48 8 90 56 8 0 35 0 56 0 42 20 0 72 42 0 27 0 6 86 0 42 0 12 24 0 0 28 0 0 0 61 42 76 0 0 0 0 0 0 0 36 48 0 0 0 42 56 0 12 21 30 0 0
78 0 0 72 28 0 0 96 0 0 0 0 72 70 49 0 0 0 24 0 0 28 16 0 20 0 0 64 0 0 0 54 36 0 26 0 16 63 27 0 0 56 0 0 0 0 48 72 0 49 0 0 0 0 52 52 16 18 64 0 21 0 0 0
0 0 8 10 0 0 64 0 0 0 32 0 8 0 0 0 0 0 40 4 0 24 0 0 0 0 32 0 0 0 0 0 0 0 0 11 40 0 12 85 0 7 0 0 0 42 32 0 0 35 0 7 56 0 0 0 0 0 0 60 12 7 0 98
12 30 0 87 0 0 0 36 0 36 0 0 0 25 42 0 30 0 0 0 36 18 0 0 0 0 0 0 0 48 0 36 39 0 5 18 0 54 0 0 0 48 0 0 0 0 81 0 0 42 0 0 0 0 24 0 0 48 0 54 18 0 20 0
7 0 0 18 0 7 37 18 3 15 4 0 57 0 0 54 0 0 0 0 0 0 0 0 0 0 0 7 0 15 16 31 0 0 63 20 0 0 28 14 16 0 0 53 54 63 0 27 0 12 0 0 0 0 0 0 0 0 110 60 0 62 0 8
4 0 48 56 56 0 0 147 5 40 0 0 10 50 0 32 8 28 95 0 16 56 16 42 104 0 0 0 40 64 48 18 40 0 22 0 8 0 61 0 0 0 14 0 12 14 0 96 0 14 0 0 16 28 0 102 32 13 18 16 136 0 7 32
16 6 0 0 0 0 2 66 57 0 8 41 0 42 42 0 10 28 31 0 69 0 0 9 0 0 10 0 0 0 8 32 27 0 11 0 0 54 15 0 0 53 0 2 0 0 12 58 0 48 9 0 0 28 24 0 0 10 12 2 18 0 4 63
0 0 0 45 0 6 0 57 0 54 0 15 69 12 0 0 7 0 0 0 0 0 0 0 0 0 0 18 56 0 35 12 9 0 4 35 0 0 6 35 96 0 0 21 0 0 54 16 0 24 45 7 0 0 0 42 0 4 0 0 49 20 28 0
0 0 0 20 0 0 24 63 0 0 0 0 95 0 0 0 0 0 0 0 35 0 0 40 77 0 28 0 0 0 0 0 0 36 0 0 15 0 5 0 0 14 0 20 0 0 25 0 0 0 0 0 0 0 0 0 0 0 0 54 63 0 0 35
0 0 48 26 0 0 0 30 0 21 0 0 0 0 0 64 0 0 0 0 0 2 0 0 0 0 0 0 0 48 36 0 112 0 0 10 80 0 0 56 0 0 0 0 42 48 25 0 0 0 0 0 64 0 0 0 0 0 48 22 155 8 0 64
0 0 32 3 0 0 6 7 0 10 6 8 9 0 0 0 0 0 85 72 0 0 0 68 7 0 1 0 54 0 24 6 0 4 0 0 0 0 117 0 0 0 18 6 6 18 0 24 0 36 0 8 0 0 0 27 0 33 0 10 93 42 9 12
2 10 0 25 63 22 10 8 0 45 10 0 14 36 10 12 0 0 6 40 0 78 48 0 45 0 0 6 0 20 40 66 0 0 98 14 0 0 8 28 0 112 0 28 20 42 58 20 0 72 0 0 32 0 0 113 36 0 34 91 0 28 0 52
0 52 0 54 0 8 0 0 24 7 0 20 0 0 4 0 30 0 0 32 28 10 0 116 0 0 0 48 48 6 0 0 54 0 12 0 0 20 36 0 0 0 48 26 0 0 50 0 0 32 8 18 0 0 0 48 0 0 0 42 36 48 0 0
1 9 40 1 8 0 0 0 0 4 0 10 0 0 0 8 0 7 11 24 0 2 0 0 7 0 0 6 18 0 0 0 9 8 4 0 9 0 27 0 0 5 0 0 0 0 0 30 0 4 0 10 0 7 0 9 0 30 9 0 27 0 0 8
0 0 0 24 42 3 0 0 81 0 0 0 63 24 0 0 0 0 0 0 114 42 12 48 65 0 40 1 0 5 0 0 0 0 20 1 0 0 6 7 0 39 0 25 12 6 68 59 0 0 27 24 8 0 0 54 24 0 0 0 0 4 0 131
1 45 32 72 21 0 0 72 16 2 48 8 32 68 18 8 12 7 94 0 35 21 0 108 15 0 0 32 30 0 0 0 0 0 6 57 0 22 48 63 64 40 32 0 0 6 27 0 0 0 10 0 8 7 0 27 12 0 3 45 0 37 6 16
0 0 0 0 35 0 0 5 0 0 32 0 8 20 0 0 0 0 32 60 0 55 0 0 25 0 24 0 42 0 6 0 0 0 10 0 0 0 63 36 0 0 0 0 0 0 0 0 0 0 0 0 0 0 0 66 20 0 0 0 83 0 0 0
0 0 0 24 0 0 0 0 0 0 0 0 0 0 0 0 0 0 0 0 42 0 7 48 0 0 7 0 32 0 28 0 0 0 0 0 0 5 6 0 0 0 0 36 0 0 30 0 2 7 0 4 0 0 0 24 6 0 0 4 0 0 16 42
0 32 38 35 14 6 6 40 0 4 0 8 28 8 14 20 5 0 4 32 27 88 12 8 73 30 32 2 49 38 0 27 5 12 86 0 22 28 75 0 0 31 24 54 0 9 0 52 0 0 12 44 0 0 0 84 32 24 0 2 45 30 0 0
0 0 24 98 0 0 18 0 27 30 18 0 0 0 0 0 25 0 24 48 54 0 0 0 0 0 0 0 36 40 72 48 0 0 0 1 0 0 90 7 0 0 0 45 0 33 14 18 0 54 9 0 8 0 0 18 0 40 0 18 54 1 0 71
0 54 6 12 0 0 0 0 0 12 0 8 0 0 0 0 7 0 0 0 42 0 0 0 0 0 0 0 36 0 0 0 0 4 0 0 0 5 0 0 0 0 0 0 24 8 30 0 8 0 12 0 0 0 0 6 0 0 0 54 20 6 0 4
0 27 0 3 24 0 12 20 0 12 12 0 0 15 0 0 0 0 0 0 0 6 32 45 21 0 0 48 0 0 72 12 0 24 12 0 0 0 0 0 0 16 0 12 10 0 0 0 45 53 0 1 0 0 48 0 0 0 0 12 32 0 0 30
9 48 0 0 0 9 0 7 0 1 0 0 149 0 9 58 6 0 28 0 56 0 56 0 35 0 1 9 6 18 0 0 0 4 81 0 0 9 36 0 0 0 42 111 42 81 0 0 0 0 0 0 104 0 0 0 42 0 93 76 7 84 3 0
4 0 0 27 0 0 0 12 16 24 0 0 0 0 14 0 15 0 0 0 18 0 0 36 0 0 0 32 0 24 0 18 8 0 0 0 0 22 0 0 0 16 32 0 12 0 0 0 0 14 0 0 0 0 8 0 0 24 0 0 16 4 0 0
0 0 0 7 0 2 0 2 0 13 24 4 0 28 10 0 5 0 28 0 51 0 20 50 0 0 0 0 0 8 0 65 0 20 0 0 35 0 10 0 0 43 40 0 0 15 0 0 0 0 20 0 0 0 0 8 0 8 0 0 0 42 0 0
0 0 0 0 28 0 0 5 55 4 0 0 0 16 36 16 24 0 0 0 48 28 0 0 20 0 0 0 0 0 0 0 0 0 8 0 0 36 0 0 0 9 0 0 0 0 24 36 0 45 18 9 0 0 0 42 16 0 0 0 0 0 12 108
15 0 16 65 0 2 0 0 8 0 0 9 0 0 0 0 0 0 2 64 30 12 0 18 0 0 0 51 64 0 10 0 3 0 0 12 0 2 72 0 0 0 16 21 0 15 54 12 0 8 15 6 0 0 5 36 0 12 0 36 72 2 8 0
5 76 0 63 6 5 0 0 0 76 0 0 35 6 58 46 69 0 36 16 54 47 0 42 0 0 0 20 0 99 0 54 0 0 111 0 27 99 36 0 0 30 8 98 12 53 2 0 18 66 0 113 21 0 0 0 0 76 40 54 0 30 19 66
0 0 0 42 0 0 32 16 0 0 0 0 49 3 0 8 2 0 0 0 0 0 0 9 67 0 56 6 10 4 0 0 0 0 0 16 0 0 6 0 0 49 0 0 2 0 0 0 9 0 0 0 0 0 0 0 0 0 0 0 0 0 0 0
72 32 0 81 0 0 0 0 12 12 0 0 221 0 8 0 48 0 34 0 0 20 71 0 63 0 72 94 0 12 0 0 9 0 24 12 18 28 0 0 0 68 0 52 15 0 66 0 0 49 10 66 0 0 0 66 0 0 93 0 0 0 0 0
64 12 0 72 8 0 0 0 0 0 0 0 145 25 0 0 0 0 32 0 16 0 16 45 71 0 72 98 0 0 0 0 14 0 2 0 52 0 0 0 0 71 0 0 22 0 48 0 45 24 0 32 44 0 0 16 0 0 70 0 0 0 12 24
73 0 36 93 0 0 113 0 0 0 0 0 72 0 18 10 0 0 24 0 99 0 52 0 3 0 8 85 0 36 0 81 38 36 0 17 125 0 18 0 0 9 72 0 45 27 48 0 0 0 45 0 0 0 27 16 0 0 109 60 54 10 0 0
0 0 0 35 0 0 56 20 4 0 32 0 67 0 0 0 0 0 16 2 0 24 0 0 63 0 89 0 0 0 64 16 0 0 0 14 25 0 0 18 0 63 0 16 0 0 63 0 0 48 0 0 0 0 0 24 0 0 0 88 6 0 0 32
15 81 0 42 0 0 54 49 6 36 0 0 63 0 0 0 0 0 0 0 93 0 0 0 55 0 7 47 54 30 0 54 0 28 0 24 0 0 0 0 0 0 0 0 0 0 81 0 0 0 63 0 0 0 5 0 0 0 0 109 49 0 0 0
0 118 0 6 48 4 0 0 0 24 0 10 35 0 16 0 5 0 0 0 0 52 0 0 42 0 0 36 0 24 0 0 6 48 72 0 0 56 0 0 40 30 0 56 0 0 0 0 0 40 0 72 0 0 0 0 0 0 0 0 35 0 0 0
72 0 0 81 0 15 0 40 8 0 0 0 81 0 0 0 0 0 72 64 0 0 0 30 0 0 0 77 72 25 15 0 9 0 40 0 18 0 92 0 0 0 10 14 0 10 54 25 0 10 0 3 0 0 0 108 0 5 72 0 72 15 17 0
8 0 0 62 0 0 8 0 0 27 0 0 0 0 0 0 0 56 57 0 0 0 0 6 1 0 0 0 8 0 5 0 0 0 0 4 0 0 4 0 0 0 2 15 54 14 0 0 0 2 0 1 0 56 0 6 0 1 24 0 45 0 5 64
88 0 30 153 0 0 5 0 9 0 0 40 72 0 0 2 80 0 33 32 56 0 0 78 0 0 0 120 24 0 0 0 71 20 0 1 16 25 40 0 0 0 2 18 9 42 97 6 40 2 27 0 0 0 8 112 0 1 73 9 36 32 1 29
0 0 0 0 0 0 9 77 0 20 0 0 45 42 6 0 0 0 0 0 27 81 12 0 35 45 5 0 0 0 0 69 0 32 14 0 21 0 27 0 0 3 24 0 0 9 0 119 0 0 12 0 0 0 0 0 36 14 0 20 35 0 0 0
5 0 42 35 0 0 0 0 0 0 0 56 0 0 0 40 49 35 30 0 0 14 7 0 0 0 7 0 0 0 8 0 45 28 0 14 45 40 0 0 0 0 0 0 0 56 63 0 58 7 0 0 0 35 0 42 6 0 45 46 0 42 0 68
0 24 64 81 0 3 50 33 3 18 2 16 21 0 0 0 35 0 16 56 0 0 64 56 0 0 6 0 109 9 66 23 49 0 0 0 30 0 63 0 0 27 21 64 36 0 35 48 0 62 0 24 24 0 0 141 21 48 24 45 117 15 32 4
0 0 0 0 0 0 0 0 0 0 0 0 0 0 18 0 0 0 0 0 81 0 36 0 0 0 0 0 0 0 0 81 0 36 35 0 63 0 33 0 0 9 72 20 0 27 0 0 0 0 36 0 0 0 0 45 0 0 0 0 0 0 0 0
6 42 6 28 0 6 0 0 0 82 0 8 91 5 0 36 27 0 0 0 52 0 56 8 49 0 112 24 24 32 64 24 3 4 55 0 0 45 24 0 0 49 0 42 0 62 74 0 24 56 53 0 0 0 0 6 48 32 48 116 0 66 4 4
0 0 0 27 0 0 0 0 0 0 32 0 18 0 0 0 15 0 40 4 16 20 16 24 8 0 24 0 0 0 0 0 21 0 0 0 0 0 0 36 0 0 0 6 12 0 15 0 0 0 0 0 16 0 0 18 0 0 6 3 12 0 0 0
0 0 0 72 0 0 0 53 22 0 0 0 40 0 6 24 51 0 4 0 35 0 20 35 46 0 0 39 30 12 6 27 7 12 0 16 21 3 24 42 0 3 48 31 6 54 17 0 0 0 12 0 56 0 0 46 0 0 3 1 8 9 0 48
0 0 72 0 0 24 0 0 72 5 0 18 45 0 0 0 0 0 45 0 136 0 80 0 36 0 0 8 0 40 0 0 0 0 64 0 0 0 0 0 0 0 0 8 54 0 32 151 0 0 24 18 72 0 12 0 0 54 27 0 0 24 0 72
0 18 18 0 28 0 0 42 8 24 0 24 0 58 0 0 21 0 0 0 14 28 0 18 20 0 0 24 12 0 0 42 0 12 22 0 0 17 21 0 0 0 16 0 0 24 34 56 24 0 24 0 0 0 0 54 16 14 0 18 0 20 0 12
0 0 0 0 0 0 0 0 0 40 0 0 0 0 0 0 0 0 0 0 0 0 0 0 0 0 0 0 0 0 0 0 0 0 0 0 0 0 0 0 0 0 0 0 0 0 0 72 0 0 0 0 0 0 0 0 0 0 0 0 0 0 0 0
0 0 0 63 0 0 3 87 57 0 0 0 35 0 0 36 14 0 0 0 48 0 16 0 63 0 0 0 45 33 18 27 0 0 0 0 0 0 27 0 40 0 0 0 0 0 24 36 0 0 18 0 0 0 24 0 0 0 0 0 59 0 0 54
