12 10 11 15 10 10 17 13 11 14 13 16 11 14 13 12 15 15 12 13 12 15 13 15 14 11 14 12 13 11 10 11 9 10 16 13 11 8 13 12 16 15 10 17 12 11 17 15 14 16 9 16 14 11 13 15 15 8 11 14 11 13 12 13
17 11 18 17 13 17 14 17 18 17 19 16 19 17 13 10 16 20 13 13 19 18 13 18 13 16 12 13 14 15 14 15 17 10 12 12 13 10 10 19 18 16 17 20 15 15 16 17 10 22 12 19 16 16 16 19 15 14 16 15 9 15 16 13
19 13 18 20 18 14 16 17 19 14 12 18 18 17 15 12 21 16 16 17 19 18 16 17 15 18 17 17 11 17 13 20 14 14 18 15 14 11 13 23 17 19 15 18 12 17 17 17 13 21 13 20 17 18 15 22 16 16 17 16 15 18 17 17
14 9 10 17 11 12 14 12 14 12 16 14 13 15 12 8 8 13 12 11 14 17 16 17 15 13 12 12 12 17 12 13 11 5 13 8 16 10 8 13 16 13 13 15 13 11 13 15 13 17 11 18 14 14 8 16 12 10 12 11 11 8 13 11
17 12 15 17 12 16 12 12 13 12 11 14 15 14 13 10 18 13 11 14 16 17 15 17 13 13 14 11 11 13 13 15 10 9 9 15 10 14 8 16 14 18 13 16 18 14 13 16 13 13 13 13 13 13 14 18 11 10 11 10 12 14 15 14
15 13 14 16 14 14 14 14 19 12 17 15 12 18 15 13 17 18 16 17 19 20 14 18 14 22 14 13 13 13 13 15 12 12 14 11 16 16 14 22 18 15 15 21 13 16 15 17 11 22 10 21 10 18 13 15 13 17 15 14 10 12 19 17
19 11 14 17 14 15 14 11 21 12 14 17 12 18 14 13 15 14 10 14 15 15 12 17 12 17 13 12 11 16 12 15 11 8 14 11 14 10 13 16 17 12 16 18 12 13 21 10 12 14 10 15 14 17 15 17 12 18 16 14 11 15 10 14
13 10 15 16 14 13 11 11 13 13 13 16 8 13 14 14 13 11 10 13 14 20 15 15 12 14 14 13 11 12 11 13 14 12 13 9 13 10 11 17 11 15 15 15 13 11 11 13 7 13 10 19 14 9 13 14 11 11 13 10 9 14 14 13
16 16 20 18 15 19 16 16 17 15 20 22 14 17 18 16 15 16 15 21 18 21 22 22 17 17 19 16 14 19 17 18 16 11 15 16 17 13 12 21 18 18 16 18 21 14 19 18 15 19 12 23 17 18 16 24 18 16 19 16 15 17 16 17
19 12 15 17 18 17 15 14 17 16 19 15 17 17 17 11 14 20 14 19 21 22 20 19 15 21 18 15 16 15 13 15 12 12 16 11 14 11 12 21 16 19 18 21 19 13 16 18 12 18 12 18 14 17 16 21 19 15 16 14 16 15 15 16
19 11 13 19 15 16 13 15 17 14 16 14 14 18 19 12 14 14 13 15 18 19 16 22 11 17 15 12 15 17 14 15 10 9 11 13 11 8 10 20 14 15 15 19 18 11 18 15 12 16 11 14 15 18 13 15 10 16 19 13 14 11 13 17
23 16 20 20 17 18 20 18 21 15 18 20 17 18 17 16 23 19 14 20 17 23 18 23 17 22 15 13 16 20 15 19 14 18 15 16 15 18 14 19 24 21 18 19 20 18 23 23 17 23 17 23 17 17 16 23 18 16 22 15 16 19 19 18
19 16 20 21 17 18 19 19 18 19 20 17 18 19 15 10 22 20 18 18 24 21 18 22 19 22 13 17 21 19 21 18 15 15 17 17 14 16 14 24 22 19 18 24 21 14 20 23 14 25 17 21 18 16 17 20 16 19 17 19 13 18 24 17
17 13 18 19 18 16 18 15 19 18 22 23 13 20 18 15 17 16 16 17 20 24 21 20 17 19 19 17 16 20 16 18 16 12 21 16 19 11 14 22 21 19 19 22 20 17 22 22 15 21 12 23 19 18 17 22 17 17 19 15 17 18 20 17
19 15 21 17 19 16 13 15 18 16 17 16 15 16 16 7 17 16 14 15 18 21 16 21 15 21 17 14 13 18 13 15 12 12 17 13 17 17 12 18 18 19 20 20 20 17 21 18 13 21 15 19 14 16 15 23 16 17 18 11 11 19 15 14
20 16 19 18 20 17 15 17 20 19 17 20 17 20 20 14 15 21 16 18 19 20 23 22 17 18 18 18 17 17 13 16 16 13 17 13 16 16 13 22 18 21 16 21 17 21 15 17 14 20 13 20 16 18 17 18 14 17 18 16 15 15 18 17
17 12 16 18 13 15 18 14 18 16 17 18 13 18 15 7 16 19 12 14 16 19 13 21 15 17 13 14 14 15 15 14 14 9 14 13 15 14 12 20 16 15 17 18 17 14 19 16 15 20 14 21 12 20 18 19 13 20 18 16 14 16 15 11
21 17 15 19 14 17 15 21 23 20 18 22 22 22 17 8 21 22 17 20 21 21 20 23 14 22 16 14 18 18 15 17 14 15 15 20 17 15 14 24 23 21 17 23 21 16 21 20 14 27 14 22 19 23 19 21 17 18 19 16 13 24 20 15
17 15 12 17 13 14 18 16 20 16 17 18 13 22 15 14 20 17 15 18 17 19 18 18 14 14 18 12 16 17 15 17 13 9 15 14 15 14 10 19 21 16 12 20 15 18 20 18 13 19 15 18 16 18 14 17 15 18 16 16 15 14 18 17
18 11 12 20 18 15 19 14 17 14 17 16 13 16 11 10 19 17 12 15 18 19 16 20 14 15 12 14 15 14 15 15 11 11 15 14 15 14 14 17 20 14 15 22 16 11 17 17 12 19 12 18 16 13 17 18 19 16 14 14 13 13 15 19
22 15 20 17 14 20 14 18 23 16 14 22 16 19 14 15 19 20 14 15 19 16 19 22 18 17 14 16 17 18 15 17 18 14 14 12 17 16 15 20 19 16 16 15 15 18 15 17 14 22 14 22 14 18 19 19 14 20 18 17 10 17 19 18
18 10 17 16 16 12 17 16 19 20 17 17 17 17 17 11 18 20 18 18 19 21 16 20 16 19 15 13 18 16 12 16 19 11 16 14 13 12 10 22 21 18 13 20 16 16 18 17 13 24 16 18 16 17 19 17 18 20 19 15 13 17 16 16
18 10 14 19 14 17 13 13 13 10 15 13 14 19 10 9 11 12 12 14 15 14 15 15 13 15 13 6 14 19 13 13 10 6 12 10 12 9 11 20 15 15 16 16 15 11 16 14 9 16 9 11 9 13 10 15 10 11 18 13 12 13 10 14
18 11 15 16 16 15 14 18 18 12 12 17 15 15 14 10 18 16 13 17 18 14 14 22 13 17 17 14 14 14 13 18 9 11 16 15 16 11 14 17 17 18 16 16 17 14 15 14 15 18 7 18 14 15 12 18 14 13 14 13 14 16 14 14
19 11 13 18 14 16 12 12 16 17 16 14 17 17 14 4 16 19 13 14 17 19 16 17 11 17 11 12 15 17 14 15 11 10 12 9 14 13 10 18 17 17 16 18 17 13 15 16 12 22 14 18 16 16 17 18 14 15 15 14 10 16 18 13
16 12 12 13 11 11 15 13 14 16 13 16 12 17 14 12 17 12 12 15 15 17 16 16 13 14 15 14 14 16 10 12 13 9 15 15 13 12 11 17 18 16 12 17 15 15 18 14 11 16 13 15 15 15 14 17 11 15 14 12 11 13 15 13
10 8 11 9 14 9 9 9 13 8 9 11 11 12 9 8 9 13 10 7 11 12 8 10 10 12 6 7 9 12 10 7 9 10 5 6 12 9 8 14 13 7 10 10 7 8 12 10 6 15 6 14 6 11 9 10 9 11 14 8 9 11 9 10
20 17 20 21 17 22 15 22 23 16 21 20 20 21 21 13 18 19 19 19 23 22 20 24 15 23 17 15 16 23 20 17 16 16 17 16 15 11 11 25 24 21 18 22 20 17 26 20 17 25 16 21 17 22 17 26 17 19 25 18 13 24 19 20
18 15 18 20 17 17 15 15 22 16 16 19 15 19 17 12 22 17 14 17 16 21 17 20 13 18 18 15 15 17 18 17 12 11 14 13 17 14 11 23 17 13 16 19 18 13 20 15 10 19 10 21 13 16 16 20 14 18 18 17 10 15 17 15
22 16 20 22 16 19 20 16 22 21 22 19 19 22 16 10 21 22 20 22 19 27 18 24 16 22 17 17 17 19 18 23 17 11 18 18 18 19 13 22 23 19 19 25 22 19 22 20 17 24 16 25 15 23 20 24 18 21 19 15 15 18 22 18
15 13 12 13 14 12 11 13 15 12 15 15 13 16 17 12 13 15 16 16 20 18 18 18 13 15 12 13 13 15 19 12 11 12 12 14 16 13 15 22 17 16 9 17 13 10 16 12 11 20 10 18 15 14 13 15 14 14 16 14 14 14 18 17
19 12 17 20 13 19 18 14 19 15 21 17 15 20 13 15 17 19 14 19 19 18 19 19 12 17 14 11 17 21 12 16 17 10 14 15 14 14 12 22 18 17 18 18 18 16 18 23 13 21 14 18 16 16 13 18 15 19 17 17 14 15 18 17
16 16 16 14 13 16 15 16 21 13 18 17 16 18 15 12 16 20 15 16 22 17 21 20 18 19 15 14 15 19 16 16 13 11 14 15 15 12 13 22 21 19 15 17 17 14 21 18 15 20 14 19 14 23 19 18 14 13 20 17 12 14 16 17
21 17 17 19 19 22 15 15 20 22 18 19 16 21 15 13 19 16 20 18 20 22 17 20 21 22 18 12 18 21 17 18 15 15 16 14 16 16 9 21 22 21 19 23 21 18 19 22 18 20 16 20 18 18 14 21 13 17 18 16 10 20 22 16
12 11 16 15 14 13 14 18 20 11 13 15 12 16 16 14 16 17 14 17 15 14 18 16 16 11 14 13 9 15 13 13 13 11 14 9 15 9 10 17 15 13 11 12 14 15 15 12 11 19 10 14 12 13 18 18 14 12 19 17 12 16 13 15
20 20 21 22 21 20 21 19 23 20 23 21 17 24 18 13 23 20 19 21 21 23 21 24 21 21 20 17 14 19 17 19 17 15 24 16 20 17 15 24 23 20 18 25 21 23 25 19 19 25 15 24 17 24 20 24 20 20 20 20 16 19 20 20
15 11 16 17 13 16 15 15 18 12 20 18 13 20 14 16 14 18 16 16 18 20 19 16 15 16 16 12 16 19 11 13 13 10 14 10 16 12 10 20 21 19 18 16 16 19 18 18 12 18 12 19 16 14 15 20 13 16 18 16 13 15 11 18
19 13 18 22 18 19 16 13 15 16 19 14 12 17 15 10 19 18 13 18 16 24 14 18 15 21 17 15 14 19 19 14 13 13 15 14 15 11 10 22 18 18 18 21 22 14 20 16 10 19 13 18 14 15 15 19 15 17 19 14 14 19 17 18
19 15 17 19 18 19 15 16 20 16 15 18 15 18 13 11 20 17 16 19 20 17 19 22 18 20 17 12 15 18 13 18 15 14 17 18 15 14 13 24 20 20 18 22 18 15 17 20 12 20 13 18 17 15 18 18 15 15 18 17 9 21 17 20
20 12 18 19 17 20 20 17 25 18 20 24 15 21 19 14 19 22 19 21 22 26 19 20 19 23 19 16 16 19 15 20 15 15 19 14 17 16 12 21 21 21 17 22 21 19 17 21 19 23 16 27 15 20 21 24 18 24 21 16 16 20 19 18
19 15 16 15 15 16 16 13 23 15 18 17 12 19 15 11 19 15 15 20 17 19 17 25 18 21 17 16 15 14 15 19 12 13 17 15 14 15 14 23 20 20 18 18 19 13 19 16 16 19 12 19 13 21 17 17 11 18 19 17 10 15 17 16
22 19 20 20 19 21 18 18 23 19 21 24 16 22 18 16 19 20 20 18 24 26 25 25 21 22 19 15 18 20 20 21 14 18 19 17 18 20 17 26 21 22 20 25 23 20 25 21 16 26 17 26 16 20 19 25 20 21 23 15 17 19 18 18
16 10 12 15 11 15 9 15 14 13 11 13 15 14 17 8 14 16 14 16 18 14 16 17 12 15 15 12 13 14 10 12 14 11 15 13 15 11 13 20 15 18 10 13 14 15 16 11 10 20 11 15 12 13 14 15 10 13 14 12 11 17 16 14
21 14 24 22 17 17 16 20 20 18 17 22 18 19 21 15 20 20 16 16 22 21 15 21 16 19 21 18 20 19 16 17 17 13 18 17 15 18 15 22 23 21 18 23 22 17 20 16 15 21 15 22 15 18 17 19 18 15 18 14 15 18 17 18
13 7 16 16 15 15 9 10 10 12 11 16 12 11 9 9 11 13 10 11 16 16 12 14 13 12 11 8 11 14 15 12 14 9 13 12 11 7 10 18 11 14 9 15 14 11 16 13 8 15 13 14 11 13 16 14 13 12 17 14 10 15 14 13
14 13 17 17 15 14 16 19 18 15 17 17 14 16 19 12 16 14 16 20 21 20 18 22 18 19 17 17 16 18 14 16 12 15 15 15 14 9 14 21 18 17 15 18 16 13 18 17 14 22 11 20 14 14 14 17 14 17 19 17 13 16 17 17
19 7 12 17 11 16 12 12 18 13 13 16 13 20 13 9 14 15 12 12 16 14 15 16 14 15 12 11 11 15 14 13 12 9 14 8 13 9 10 17 17 17 16 15 14 12 13 14 12 18 13 15 12 16 15 20 11 13 15 10 8 16 13 13
17 14 15 19 13 15 11 15 19 15 12 15 13 18 14 7 19 14 18 13 17 19 17 18 14 18 12 13 13 12 17 20 10 12 15 10 10 10 9 20 18 18 14 19 16 14 18 12 14 20 13 16 16 15 16 20 14 16 15 14 9 17 14 16
15 12 16 19 13 16 14 15 15 14 15 17 12 14 14 13 17 15 14 17 20 17 18 19 14 17 13 15 15 16 12 15 15 13 17 13 10 12 14 19 16 17 15 15 16 13 19 18 13 20 15 19 16 15 14 16 13 17 15 15 12 13 18 19
20 13 18 19 18 16 19 18 23 18 14 18 15 16 16 12 23 18 16 21 18 18 16 24 18 23 19 15 15 18 12 18 14 16 19 20 15 14 14 22 22 18 16 19 16 15 19 22 16 23 14 21 16 20 18 20 14 18 19 18 13 23 18 15
21 17 21 20 20 18 16 18 24 16 20 19 17 22 18 14 18 17 16 19 20 18 22 21 20 20 16 17 16 21 16 17 14 12 17 12 22 12 14 23 22 17 17 18 18 17 21 18 17 22 12 20 19 19 15 22 17 16 21 19 13 14 17 18
20 13 16 18 12 18 18 21 17 20 17 20 19 18 15 10 20 22 17 15 20 18 19 21 18 16 14 14 18 19 14 14 17 15 16 17 14 13 14 22 22 21 17 19 19 15 19 22 12 26 16 20 15 16 19 20 15 16 20 15 12 20 19 17
20 13 16 20 13 18 19 16 21 13 21 16 17 19 13 13 19 21 15 19 19 21 15 23 14 20 13 14 15 17 14 19 12 9 13 15 17 15 11 20 22 19 18 20 18 16 21 20 16 20 15 18 17 23 17 19 15 18 18 19 14 16 15 18
16 12 16 17 14 13 19 15 17 11 17 18 13 15 16 13 16 17 16 16 15 20 17 19 13 16 16 14 14 12 12 20 9 9 16 14 16 11 11 20 16 18 15 19 16 13 17 15 17 21 8 16 16 17 13 19 18 13 13 12 16 15 10 17
16 13 15 13 16 13 17 14 18 14 15 18 13 15 12 10 15 15 13 14 13 19 16 18 15 17 17 14 12 17 6 14 12 7 16 11 16 13 10 13 18 16 18 15 15 15 17 16 15 15 9 17 11 16 13 21 15 15 14 10 12 14 12 14
12 8 11 14 9 11 14 10 12 11 14 9 10 12 10 5 10 10 7 9 13 13 9 12 10 13 8 13 11 12 10 12 9 4 11 7 10 5 5 15 13 11 11 14 11 7 13 10 10 15 11 10 12 14 10 10 11 10 9 10 8 8 9 10
23 18 22 24 20 19 22 23 24 21 23 22 19 24 23 17 25 21 22 22 28 26 26 26 25 24 21 20 19 22 20 20 19 15 22 18 21 19 17 27 29 29 21 24 25 21 23 24 23 26 22 25 22 22 20 25 17 19 24 19 17 22 24 21
22 16 18 21 21 18 20 19 20 20 19 19 17 21 21 15 20 18 14 20 20 24 22 28 19 21 21 19 20 20 18 20 14 13 15 16 15 16 15 22 20 21 20 21 23 16 18 20 16 23 13 20 17 19 14 18 15 19 18 15 21 15 19 19
14 17 17 16 16 18 16 16 15 13 15 16 11 15 11 12 18 19 16 15 20 19 18 17 19 18 16 10 10 16 14 15 14 12 16 14 15 14 11 19 15 18 16 19 19 19 19 16 13 18 14 20 11 16 13 18 15 15 18 14 12 15 16 14
17 12 19 21 19 17 17 18 18 17 17 19 14 16 22 17 20 21 16 20 21 25 21 23 15 22 22 18 15 20 13 17 13 15 19 15 17 14 13 21 18 22 18 20 21 18 19 20 13 24 16 23 18 16 16 22 17 17 17 14 15 18 18 19
21 9 15 20 16 19 14 13 20 13 14 16 14 18 11 10 18 16 15 17 19 14 15 20 14 19 14 10 16 20 10 15 14 12 15 13 14 15 13 21 19 15 19 16 17 12 18 17 10 21 12 15 11 14 14 17 15 19 16 13 10 16 14 20
21 13 21 23 18 20 14 13 17 14 14 17 14 16 13 14 18 19 17 15 18 24 18 17 18 18 16 15 14 17 17 18 17 15 18 13 17 14 14 22 16 17 16 20 19 15 23 16 11 20 14 20 13 17 17 22 18 16 20 14 14 19 20 19
21 11 16 22 15 17 18 14 16 12 18 15 12 16 13 10 13 16 10 14 14 21 15 21 15 18 17 15 16 18 12 16 11 6 15 14 17 10 14 17 18 17 19 20 17 13 20 15 15 17 9 14 14 18 15 20 16 13 16 14 15 14 11 17
18 15 21 17 18 17 18 17 20 17 18 22 16 19 17 14 18 19 15 16 19 20 17 20 14 15 19 16 16 15 11 18 19 13 15 16 15 14 13 24 17 16 19 19 16 17 18 17 12 19 10 25 15 18 17 20 17 17 19 15 16 14 13 15
