1439 1448 1555 1350 1195 1275 1415 1058 1398 1476 1366 1276 1456 1259 1485 1140 1280 1373 1092 1147 1247 1409 1207 1146 1490 1406 1386 1544 1371 1375 1193 1128 1313 1259 1430 1252 1561 1382 1384 1287 1585 1254 1248 1184 1425 1296 1445 1226 1246 1057 1338 1390 1427 1180 1432 1369 1363 1101 1429 1436 1284 1411 1360 1369
1370 1324 1488 1253 1192 1310 1470 1173 1466 1439 1391 1323 1490 1264 1476 1099 1255 1181 1134 1158 1356 1448 1271 1220 1400 1473 1149 1469 1178 1287 1167 1288 1179 1289 1366 1155 1353 1177 1421 1267 1481 1233 1308 1297 1434 1226 1318 1273 1185 982 1215 1365 1305 1275 1241 1436 1195 1126 1265 1467 1096 1318 1322 1291
1410 1481 1496 1343 1326 1390 1359 1170 1575 1514 1536 1287 1656 1426 1554 1242 1460 1234 1180 1274 1469 1604 1207 1369 1652 1540 1370 1527 1279 1392 1440 1350 1365 1434 1617 1175 1442 1383 1472 1368 1669 1134 1309 1387 1445 1281 1430 1398 1130 1218 1397 1546 1477 1139 1557 1662 1633 1280 1495 1438 1195 1320 1430 1360
1300 1335 1293 1156 1245 1349 1058 987 1390 1437 1379 1194 1402 1137 1328 1103 1361 1069 1164 1133 1295 1428 1182 1138 1447 1370 1186 1448 1186 1256 1223 1272 1114 1263 1446 972 1320 1127 1345 1148 1467 1008 1195 1285 1259 1184 1283 1314 1092 1092 1148 1500 1312 1106 1367 1354 1257 1213 1307 1174 1063 1266 1265 1324
1319 1373 1438 1145 1322 1397 1313 997 1316 1357 1356 1191 1470 1276 1332 1108 1344 1107 1107 1156 1445 1496 1194 1075 1462 1355 1231 1521 1179 1369 1238 1330 1184 1258 1579 1144 1333 1171 1468 1117 1480 1270 1187 1236 1433 1209 1329 1332 1190 997 1235 1499 1383 1172 1442 1317 1284 1252 1326 1337 1115 1297 1208 1310
1222 1095 1253 1177 1097 1147 1211 1039 1407 1398 1146 1276 1417 1142 1343 999 1277 1125 1056 1204 1121 1317 1203 1170 1352 1387 1106 1401 1201 1294 1096 981 1190 1259 1253 954 1284 1277 1441 1232 1328 1030 1211 1218 1167 1147 1363 1185 1105 936 1253 1435 1227 1216 1269 1376 1272 1080 1190 1154 1068 1187 1355 1241
1458 1661 1508 1302 1361 1479 1234 1080 1649 1512 1525 1458 1644 1349 1565 1130 1405 1258 1184 1306 1442 1632 1210 1239 1625 1602 1250 1454 1157 1498 1372 1352 1335 1328 1559 1186 1625 1297 1572 1353 1643 1331 1361 1408 1485 1340 1520 1277 1280 1187 1469 1508 1504 1194 1463 1503 1363 1242 1427 1570 1288 1440 1365 1454
1333 1276 1304 1090 1125 1106 1276 867 1310 1360 1286 1200 1410 1205 1368 1096 1212 1133 1040 1090 1184 1394 1133 1210 1328 1410 1109 1281 1245 1382 1125 1103 1173 1237 1314 1048 1313 1175 1382 1226 1374 1188 1125 1298 1205 1215 1400 1240 1221 885 1176 1370 1305 1149 1374 1244 1242 1078 1215 1321 1157 1137 1275 1277
1338 1355 1425 1155 1045 1226 1299 1006 1353 1419 1378 1244 1422 1241 1356 1046 1126 1206 1080 1139 1215 1415 1042 1168 1357 1437 1098 1461 1233 1445 1173 1122 1223 1155 1434 1227 1347 1207 1323 1328 1440 1155 1245 1237 1308 1228 1334 1133 1194 979 1210 1426 1254 1310 1369 1355 1322 1130 1292 1457 1089 1338 1239 1223
1399 1440 1589 1263 1442 1486 1331 1151 1496 1572 1517 1508 1685 1381 1474 1257 1381 1294 1269 1434 1492 1601 1198 1379 1733 1533 1279 1564 1285 1695 1411 1297 1360 1420 1498 1196 1486 1315 1669 1404 1561 1282 1260 1468 1530 1423 1567 1288 1311 1213 1275 1738 1414 1207 1529 1562 1512 1291 1487 1405 1296 1396 1375 1380
1420 1606 1628 1421 1439 1601 1492 1256 1606 1600 1601 1478 1620 1390 1696 1214 1561 1431 1363 1297 1629 1625 1163 1415 1561 1692 1394 1614 1234 1612 1528 1520 1487 1527 1765 1363 1640 1329 1697 1370 1727 1397 1375 1461 1603 1441 1551 1399 1322 1282 1420 1697 1486 1240 1419 1633 1453 1322 1644 1410 1387 1563 1508 1518
1088 1207 1343 1267 1180 1400 1307 1060 1279 1183 1422 1149 1356 1075 1427 1107 1296 1082 1107 1141 1371 1234 1179 1068 1386 1349 1153 1394 946 1243 1194 1147 1061 1165 1366 1134 1257 1099 1498 1192 1430 1161 1062 1101 1275 1090 1183 1159 1104 931 1093 1457 1235 1100 1340 1359 1261 1078 1288 1195 991 1115 1158 1298
1339 1308 1391 1144 1253 1288 1385 1020 1362 1448 1288 1325 1435 1317 1457 1137 1309 1239 1181 1126 1407 1430 1302 1225 1448 1428 1157 1386 1276 1378 1186 1230 1396 1289 1435 1142 1410 1223 1491 1361 1433 1244 1144 1231 1310 1271 1270 1358 1179 1016 1316 1502 1378 1240 1317 1466 1182 1164 1182 1297 1197 1143 1401 1283
1171 1460 1326 1204 1274 1272 1336 1032 1356 1372 1461 1235 1342 1214 1408 1141 1256 1128 1070 1135 1357 1382 1111 1214 1368 1513 1122 1377 1187 1472 1210 1239 1098 1387 1478 1197 1357 1207 1378 1188 1448 1215 1169 1367 1268 1232 1258 1234 1179 1034 1235 1457 1189 1136 1329 1279 1324 1142 1272 1274 1124 1195 1314 1221
1500 1368 1608 1296 1231 1306 1340 1234 1602 1511 1429 1323 1594 1319 1507 1268 1333 1304 1195 1303 1342 1471 1219 1298 1546 1620 1189 1482 1185 1387 1244 1358 1432 1321 1539 1265 1490 1314 1665 1428 1669 1337 1366 1403 1390 1252 1549 1428 1251 1087 1337 1653 1442 1399 1503 1505 1384 1268 1416 1426 1182 1346 1431 1479
1213 1465 1329 1305 1286 1210 1278 1143 1506 1402 1345 1298 1493 1283 1354 1081 1179 1123 1209 1179 1417 1420 1164 1253 1438 1448 1285 1430 1158 1363 1263 1271 1234 1222 1442 1117 1385 1209 1489 1270 1527 1143 1112 1232 1340 1212 1308 1181 1037 1071 1190 1463 1335 1238 1234 1481 1369 1199 1339 1302 1124 1199 1420 1309
1216 1371 1418 1061 1238 1309 1186 1025 1304 1485 1380 1237 1388 1162 1390 1051 1158 1145 1127 1091 1322 1391 1148 1138 1402 1424 1126 1271 1003 1405 1169 1339 1290 1327 1474 1112 1314 1033 1462 1293 1365 1185 1138 1242 1246 1240 1212 1193 1175 1043 1171 1428 1326 1192 1253 1285 1210 1168 1320 1355 1041 1228 1290 1227
1479 1394 1607 1450 1366 1415 1426 1266 1503 1545 1407 1342 1530 1432 1589 1255 1401 1292 1285 1246 1455 1597 1325 1310 1663 1566 1299 1558 1252 1417 1228 1321 1362 1375 1503 1255 1535 1341 1562 1358 1675 1366 1246 1339 1535 1376 1572 1435 1320 1113 1421 1583 1458 1210 1471 1431 1383 1221 1459 1407 1241 1470 1456 1393
1392 1393 1434 1272 1307 1344 1468 1128 1414 1429 1460 1211 1525 1341 1530 1139 1404 1227 1156 1074 1455 1552 1239 1291 1464 1498 1252 1439 1161 1423 1301 1141 1120 1410 1516 1248 1289 1206 1441 1372 1546 1287 1120 1284 1344 1162 1444 1205 1257 985 1271 1452 1279 1087 1458 1424 1344 1136 1340 1345 1325 1280 1308 1326
1286 1267 1331 1142 1084 1094 1169 994 1291 1318 1142 1030 1376 1123 1202 1143 1097 1023 912 1125 1170 1367 1040 1019 1380 1252 985 1233 1115 1158 1078 1256 1220 1069 1324 974 1261 1140 1318 1195 1341 1078 1140 1076 1255 1210 1220 1205 1042 934 1253 1301 1240 1002 1313 1322 1194 937 1282 1178 1041 1228 1299 1124
1436 1441 1549 1192 1284 1451 1243 1062 1512 1473 1402 1423 1525 1423 1410 1089 1282 1205 1217 1201 1401 1587 1243 1241 1578 1504 1386 1522 1132 1498 1313 1270 1291 1299 1472 1165 1471 1199 1702 1231 1506 1337 1255 1348 1459 1255 1457 1383 1230 1042 1337 1595 1400 1288 1456 1406 1282 1314 1333 1441 1245 1350 1260 1394
1428 1644 1468 1248 1531 1512 1373 1216 1638 1587 1469 1486 1717 1396 1472 1223 1512 1296 1210 1316 1514 1577 1400 1229 1608 1605 1417 1641 1344 1617 1355 1325 1303 1349 1675 1269 1611 1480 1589 1370 1637 1272 1356 1520 1524 1370 1492 1278 1242 1342 1469 1591 1526 1262 1543 1565 1394 1420 1438 1533 1234 1322 1444 1463
1284 1224 1421 1066 1191 1161 1280 1064 1419 1399 1274 1289 1473 1259 1444 1153 1244 1262 1134 1159 1255 1454 1235 1268 1509 1380 1166 1345 1262 1455 1106 1162 1261 1325 1420 1182 1391 1184 1355 1328 1471 1179 1219 1246 1347 1311 1480 1230 1286 975 1244 1455 1281 1179 1359 1454 1341 1183 1312 1301 1079 1208 1354 1358
1303 1441 1496 1148 1327 1494 1161 933 1324 1472 1345 1375 1406 1305 1380 1004 1271 1151 1069 1333 1368 1545 1349 1075 1466 1441 1229 1555 1166 1532 1195 1313 1190 1354 1470 1014 1427 1215 1448 1061 1417 1190 1229 1294 1321 1276 1306 1307 1200 982 1215 1476 1322 1214 1320 1229 1215 1221 1269 1459 1081 1315 1310 1394
1306 1375 1521 1271 1270 1298 1477 1138 1506 1442 1483 1390 1471 1269 1513 1167 1309 1329 1172 1205 1424 1493 1163 1247 1535 1458 1193 1487 1256 1525 1097 1282 1238 1276 1503 1241 1517 1288 1473 1187 1573 1233 1268 1393 1379 1283 1500 1271 1254 1076 1173 1455 1472 1214 1453 1382 1424 1272 1410 1469 1070 1304 1301 1277
1206 1256 1342 996 1115 1113 1238 935 1341 1333 1177 1172 1364 1226 1352 1120 1132 1092 1118 1197 1142 1356 1034 1171 1336 1270 1165 1271 1182 1251 1192 1168 1276 1258 1385 981 1365 1010 1452 1221 1334 1205 1116 1156 1274 1249 1385 1308 1158 901 1152 1437 1276 1077 1308 1391 1226 1120 1252 1232 1017 1248 1240 1352
1189 1282 1362 1131 1236 1260 1235 1078 1391 1454 1320 1290 1390 1190 1499 1042 1268 1159 1148 1040 1322 1332 1232 1120 1476 1444 1244 1340 1156 1349 1113 1042 1236 1317 1385 1215 1414 1159 1527 1297 1335 1222 1225 1209 1264 1229 1360 1178 1180 1001 1195 1424 1263 1229 1209 1353 1211 1171 1103 1315 1176 1203 1246 1336
1337 1504 1415 1298 1343 1336 1494 1171 1523 1408 1398 1391 1528 1327 1502 1105 1342 1173 1174 1224 1367 1459 1224 1196 1394 1449 1293 1456 1270 1435 1246 1252 1222 1278 1531 1216 1425 1228 1551 1367 1430 1289 1265 1261 1410 1308 1414 1309 1199 986 1325 1536 1325 1255 1312 1456 1354 1124 1304 1288 1276 1438 1366 1421
1079 1258 1217 1079 1101 1252 1096 831 1131 1218 1312 1076 1303 1082 1279 970 1122 1020 1028 1034 1268 1267 1065 997 1329 1219 1095 1279 995 1251 1089 1125 1077 1090 1256 945 1230 1085 1362 1082 1246 1041 1106 1107 1223 1057 1245 1130 1021 888 991 1204 1159 988 1238 1272 1207 1059 1061 1278 908 1102 1069 1149
1290 1421 1411 1221 1406 1364 1315 1143 1483 1522 1299 1342 1511 1360 1466 1099 1386 1253 1249 1138 1403 1552 1180 1303 1440 1506 1332 1524 1222 1486 1336 1324 1229 1389 1534 1089 1390 1325 1484 1329 1472 1162 1314 1429 1416 1347 1430 1220 1227 1136 1452 1526 1241 1148 1415 1585 1245 1221 1344 1300 1283 1327 1382 1339
1311 1238 1357 1244 1249 1301 1442 1100 1384 1375 1147 1330 1495 1296 1417 1039 1308 1210 1169 1193 1419 1434 1218 1159 1511 1414 1229 1366 1214 1458 1185 1161 1340 1390 1480 1162 1391 1340 1494 1313 1423 1230 1174 1221 1447 1356 1468 1228 1297 1136 1308 1430 1277 1227 1293 1395 1261 1059 1355 1406 1026 1342 1443 1190
1488 1634 1735 1454 1497 1578 1529 1282 1775 1738 1672 1577 1718 1439 1664 1268 1481 1571 1374 1480 1561 1800 1346 1352 1820 1688 1314 1650 1462 1720 1490 1437 1481 1479 1620 1364 1662 1548 1757 1589 1716 1482 1363 1481 1577 1441 1734 1383 1436 1321 1670 1775 1578 1509 1538 1713 1547 1297 1587 1675 1361 1631 1564 1544
1157 1259 1303 1064 1122 1081 1087 1049 1266 1241 1194 1134 1278 1091 1224 1063 1138 1090 971 1158 1131 1300 1024 1066 1309 1298 1066 1258 1043 1328 1069 1150 1139 1078 1271 1105 1255 1251 1367 1155 1332 1074 996 1099 1237 1154 1333 1036 1033 981 1067 1281 1190 1083 1199 1203 1200 1068 1090 1227 1022 960 1136 1165
1631 1613 1758 1471 1508 1597 1686 1319 1699 1703 1647 1567 1774 1504 1608 1385 1518 1492 1368 1296 1678 1689 1286 1439 1777 1689 1506 1786 1337 1717 1502 1402 1483 1482 1775 1495 1602 1482 1779 1475 1852 1521 1412 1512 1656 1413 1702 1470 1397 1312 1598 1690 1528 1259 1730 1621 1607 1300 1617 1571 1367 1543 1561 1512
1231 1263 1328 1101 1230 1229 1171 1017 1375 1394 1216 1286 1377 1266 1409 1088 1221 1142 1027 1064 1279 1359 1209 1179 1355 1213 1135 1367 1166 1379 1107 1140 1157 1177 1298 999 1359 1076 1290 1202 1405 1130 1218 1216 1202 1259 1380 1181 1104 981 1164 1472 1186 1102 1259 1284 1165 1255 1190 1266 1043 1168 1272 1355
1467 1475 1490 1281 1420 1427 1310 1121 1530 1685 1381 1323 1514 1416 1546 1116 1291 1168 1274 1155 1376 1591 1242 1251 1640 1477 1315 1570 1259 1400 1315 1364 1282 1292 1549 1149 1451 1322 1505 1252 1466 1181 1306 1348 1361 1319 1524 1332 1305 1148 1366 1543 1428 1171 1412 1429 1404 1200 1245 1438 1167 1355 1357 1374
1299 1309 1430 1260 1159 1306 1191 1023 1238 1391 1332 1272 1486 1225 1404 1032 1220 1190 1068 1091 1312 1375 1184 1226 1489 1392 1193 1419 1127 1430 1246 1148 1309 1307 1323 1120 1260 1101 1391 1157 1465 1095 1284 1202 1338 1261 1209 1162 1064 1042 1102 1405 1240 1212 1246 1237 1435 1215 1353 1302 1174 1141 1206 1314
1505 1503 1521 1450 1353 1460 1413 1212 1580 1495 1407 1341 1593 1512 1593 1145 1258 1188 1404 1190 1648 1613 1159 1377 1713 1703 1367 1478 1157 1460 1337 1403 1403 1427 1587 1312 1507 1357 1626 1340 1625 1223 1366 1484 1572 1434 1440 1463 1345 1197 1377 1542 1373 1250 1426 1426 1437 1250 1396 1499 1149 1371 1456 1359
1307 1421 1430 1193 1189 1431 1363 1088 1355 1419 1137 1185 1407 1129 1433 1016 1191 1241 1095 1154 1305 1420 1122 1138 1476 1340 1179 1367 1045 1275 1267 1120 1276 1077 1411 1239 1293 1198 1515 1253 1458 1189 1198 1143 1331 1181 1388 1253 1159 1072 1313 1529 1218 1207 1315 1349 1234 1047 1262 1289 1077 1283 1314 1363
1368 1454 1332 1317 1353 1238 1400 1163 1584 1548 1184 1263 1572 1428 1446 1059 1226 1012 1161 1063 1451 1547 1187 1284 1457 1553 1374 1299 1182 1334 1254 1249 1233 1320 1456 1204 1468 1261 1537 1396 1467 1197 1246 1356 1412 1313 1440 1287 1193 1062 1356 1549 1323 1249 1428 1310 1269 1220 1300 1394 1180 1345 1476 1392
1280 1295 1521 1279 1154 1304 1212 1210 1391 1456 1325 1301 1480 1263 1352 1134 1190 1233 1085 1172 1219 1434 1191 1239 1469 1479 1245 1478 1093 1364 1241 1274 1192 1137 1341 1121 1424 1295 1516 1291 1546 1148 1245 1178 1417 1120 1433 1267 1076 1018 1284 1466 1400 1292 1368 1402 1364 1199 1296 1440 1096 1315 1341 1357
1291 1401 1507 1276 1237 1374 1239 1090 1488 1419 1499 1348 1476 1286 1394 1147 1328 1211 1230 1205 1431 1498 1130 1122 1521 1384 1311 1538 1159 1378 1215 1302 1133 1295 1481 1163 1450 1301 1498 1247 1587 1216 1196 1239 1436 1196 1472 1226 1259 1102 1227 1516 1337 1247 1393 1401 1229 1235 1385 1399 1077 1415 1281 1401
1210 1327 1352 1227 1138 1158 1210 1076 1383 1357 1286 1137 1275 1169 1513 1087 1150 1140 923 1042 1333 1399 1077 1076 1419 1287 1291 1296 1100 1252 1117 1165 1074 1145 1320 1088 1398 1169 1393 1113 1388 1140 1142 1170 1275 1161 1375 1223 1184 971 1202 1325 1214 1055 1285 1189 1141 1148 1257 1350 953 1190 1236 1261
1322 1463 1453 1273 1284 1399 1243 1083 1525 1511 1388 1297 1390 1181 1425 1144 1347 1270 1177 1294 1309 1462 1244 1149 1526 1404 1209 1632 1128 1401 1314 1171 1197 1257 1524 1118 1358 1250 1415 1177 1514 1271 1239 1373 1313 1197 1270 1135 1228 1078 1346 1536 1225 1202 1365 1362 1318 1145 1341 1282 1147 1376 1303 1324
1099 1224 1250 1135 1156 1223 1119 898 1312 1319 1228 1243 1239 1033 1282 900 1126 1281 911 1124 1147 1307 1020 1126 1332 1170 966 1265 996 1285 1202 1152 1242 1167 1201 935 1208 1071 1342 1185 1353 1188 1100 1080 1122 1217 1331 993 1060 953 1182 1311 1255 1057 1233 1286 1199 1022 1210 1303 970 1255 1110 1185
1117 1230 1172 1040 1180 1012 1210 933 1368 1322 1085 1208 1354 1212 1220 949 1151 1088 975 992 1144 1316 1066 1150 1279 1257 1080 1258 1193 1287 1078 912 1175 1176 1247 1069 1337 1217 1212 1140 1261 1024 1058 1048 1201 1190 1266 980 992 874 1228 1276 1085 1005 1097 1346 1208 867 1114 1168 1144 1185 1353 1143
1094 1397 1350 1117 1152 1258 1337 1106 1451 1376 1368 1207 1299 1105 1467 1104 1356 1252 1078 1313 1273 1325 1155 1113 1414 1352 1144 1434 1042 1287 1238 1169 1223 1274 1412 1159 1277 1172 1584 1205 1513 1365 1147 1216 1142 1264 1292 1172 1104 1018 1238 1410 1275 1218 1226 1416 1253 1198 1311 1288 1054 1224 1193 1325
1514 1540 1627 1294 1340 1571 1289 1159 1580 1688 1453 1359 1520 1304 1576 1167 1320 1320 1181 1341 1306 1615 1310 1234 1599 1501 1291 1625 1274 1512 1405 1398 1294 1243 1487 1332 1500 1386 1561 1274 1611 1236 1315 1202 1558 1297 1548 1352 1324 1143 1306 1699 1376 1294 1415 1397 1364 1347 1384 1394 1197 1467 1353 1506
1358 1285 1417 1163 1229 1253 1346 1025 1417 1404 1362 1363 1509 1245 1397 1187 1315 1249 1030 1242 1392 1521 1214 1282 1600 1415 1151 1453 1294 1490 1243 1138 1310 1293 1403 1253 1445 1209 1517 1306 1443 1362 1225 1243 1331 1247 1497 1344 1296 1100 1273 1571 1450 1271 1485 1332 1309 1162 1377 1431 1080 1197 1339 1305
1405 1463 1514 1322 1374 1362 1181 1147 1440 1477 1338 1345 1460 1286 1444 1141 1247 1239 1233 1189 1413 1434 1202 1117 1587 1315 1311 1580 1246 1398 1234 1248 1355 1209 1487 1111 1400 1193 1398 1226 1550 1254 1204 1187 1461 1244 1448 1358 1076 1104 1340 1486 1383 1224 1342 1411 1330 1152 1385 1277 1151 1337 1418 1388
1289 1395 1256 1170 1203 1191 1270 1100 1528 1444 1334 1309 1517 1228 1383 1118 1265 1066 1016 1111 1319 1604 1203 1272 1425 1378 1092 1272 1216 1285 1103 1386 1146 1206 1435 1077 1425 1161 1365 1228 1333 972 1238 1311 1393 1183 1311 1309 1193 1018 1202 1505 1182 1083 1300 1354 1244 1091 1249 1168 1044 1254 1318 1199
1363 1361 1510 1320 1290 1419 1317 1165 1484 1427 1542 1287 1446 1248 1525 1163 1404 1276 1245 1277 1414 1485 1319 1127 1506 1544 1291 1576 1272 1488 1203 1300 1244 1369 1555 1343 1422 1212 1563 1315 1521 1274 1219 1165 1397 1334 1448 1325 1229 1142 1191 1514 1438 1184 1391 1546 1277 1214 1421 1283 1149 1301 1346 1434
1453 1466 1695 1338 1381 1357 1423 1321 1569 1605 1428 1281 1582 1383 1662 1325 1384 1311 1148 1380 1482 1610 1270 1415 1561 1632 1500 1584 1324 1528 1378 1360 1394 1365 1526 1287 1503 1437 1703 1388 1596 1386 1315 1407 1486 1390 1655 1431 1352 1150 1449 1595 1453 1223 1581 1497 1415 1380 1482 1608 1139 1437 1444 1431
1353 1375 1451 1236 1238 1371 1409 1118 1349 1485 1289 1339 1470 1307 1417 1143 1265 1306 1183 1190 1357 1495 1202 1193 1586 1522 1181 1427 1231 1512 1213 1178 1320 1290 1420 1307 1479 1285 1463 1367 1491 1299 1198 1345 1456 1357 1421 1266 1209 1112 1309 1382 1341 1169 1328 1405 1338 1103 1355 1474 1226 1282 1397 1212
1271 1327 1344 1239 1053 1218 1293 1006 1338 1238 1405 1116 1386 1191 1418 1027 1152 1044 1067 1011 1389 1461 1046 1123 1343 1408 1134 1354 1068 1274 1126 1272 1065 1209 1375 1084 1343 973 1489 1238 1297 1182 1116 1174 1361 1110 1291 1297 1230 885 1174 1314 1206 1127 1198 1265 1188 1109 1261 1212 1189 1153 1228 1217
1228 1190 1305 1124 1039 1098 1181 940 1179 1321 1108 1210 1283 1179 1372 1064 1154 1040 974 1064 1126 1347 1113 1043 1279 1223 1028 1325 1071 1370 1059 1067 1145 1133 1280 988 1301 1103 1255 1134 1246 1060 1173 1064 1241 1134 1228 1073 1126 858 1159 1286 1035 1109 1218 1228 1201 951 1187 1152 1102 1083 1407 1112
1140 1297 1155 1192 1065 1213 1064 970 1147 1205 1204 1083 1269 1150 1178 1036 1134 1087 1214 881 1232 1249 947 1132 1256 1183 1048 1331 1167 1201 1119 1160 1103 1226 1222 1084 1282 1122 1229 1100 1322 966 858 1118 1288 1077 1146 1171 986 985 1039 1261 1076 862 1169 1328 1239 1029 1177 1088 1121 1196 1189 1025
1125 1221 1372 1119 1134 1271 1090 1027 1225 1421 1187 1210 1279 1176 1232 950 1045 1101 1026 1102 1103 1286 1065 1079 1280 1303 1079 1344 1122 1350 1111 1133 1111 1190 1265 950 1262 1035 1191 1059 1235 958 1181 1204 1259 1054 1208 1121 984 972 1099 1329 1136 1012 1156 1187 1220 1080 1184 1193 992 1276 1233 1116
1328 1526 1481 1243 1309 1353 1281 978 1544 1470 1418 1350 1437 1354 1486 1170 1285 1291 1251 1215 1377 1485 1201 1266 1607 1435 1313 1432 1278 1379 1377 1167 1480 1453 1498 1198 1498 1265 1590 1234 1631 1361 1291 1298 1395 1375 1423 1274 1206 1142 1353 1571 1481 1302 1416 1516 1332 1258 1379 1457 1168 1364 1341 1429
1236 1401 1377 1285 1223 1238 1439 1137 1486 1372 1454 1277 1455 1222 1441 1235 1280 1205 1111 1042 1527 1470 1168 1178 1555 1377 1221 1372 1223 1341 1213 1246 1280 1355 1508 1312 1400 1263 1528 1345 1534 1245 1168 1180 1461 1324 1325 1253 1221 1054 1294 1441 1248 1258 1335 1437 1322 1072 1329 1404 1149 1176 1377 1185
1269 1306 1306 1125 1047 1158 1119 985 1240 1358 1180 1096 1268 1158 1367 1085 1093 985 1062 1227 1127 1360 1152 1032 1302 1393 1130 1289 1301 1346 1058 1181 1220 1214 1259 1125 1351 1164 1320 1126 1220 1038 1179 1180 1262 1341 1174 1244 1100 1008 1060 1298 1165 1031 1173 1247 1200 1121 1225 1145 1046 1166 1252 1202
1145 1457 1177 1115 1255 1306 1230 869 1305 1243 1324 1184 1347 1043 1288 919 1189 1171 1095 1040 1263 1266 1022 1081 1285 1301 1056 1321 1058 1252 1227 1015 1143 1145 1320 1055 1308 1123 1389 1106 1405 1231 1001 1165 1206 1093 1399 1096 1108 1014 1184 1368 1241 1067 1252 1283 1231 1025 1267 1338 1062 1275 1166 1306
1342 1393 1426 1254 1223 1273 1291 1104 1472 1370 1394 1231 1491 1329 1453 1101 1322 1161 1146 1129 1403 1514 1202 1288 1608 1397 1369 1428 1129 1250 1229 1160 1246 1226 1417 1142 1458 1201 1538 1219 1499 1214 1147 1267 1457 1268 1413 1354 1147 993 1320 1449 1457 1133 1384 1406 1359 1079 1275 1317 1197 1280 1271 1354
1387 1290 1500 1212 1279 1199 1475 1124 1464 1457 1258 1177 1489 1378 1498 1104 1237 1268 1130 1004 1479 1516 1173 1274 1478 1501 1316 1314 1260 1385 1194 1231 1338 1329 1426 1257 1456 1279 1525 1315 1413 1271 1088 1184 1409 1257 1456 1430 1242 1005 1408 1478 1323 1206 1368 1393 1290 1181 1389 1306 1284 1271 1514 1374
