0 0 7 8 0 6 7 5 4 2 5 6 7 1 7 3
7 9 3 8 9 8 7 8 9 1 7 8 9 0 4 4
3 0 1 4 4 2 4 9 1 6 4 0 9 4 6 0
5 7 7 5 7 3 9 0 3 6 6 4 2 2 6 7
7 9 4 8 0 2 9 8 8 0 7 5 4 4 8 9
4 0 2 9 2 6 4 6 7 8 8 2 1 2 9 1
3 8 7 9 8 3 7 3 0 0 4 2 2 0 6 6
2 5 9 7 4 0 4 9 0 9 3 2 7 5 0 3
9 2 3 1 7 7 2 4 9 5 1 5 8 5 3 8
5 0 3 6 7 5 4 5 0 0 3 8 7 1 1 2
8 9 6 9 1 6 1 1 1 9 1 0 2 0 8 3
3 3 5 6 0 3 9 1 1 3 7 8 3 8 8 5
9 2 6 1 0 0 0 0 7 4 3 6 1 0 5 9
1 6 9 5 0 1 6 3 0 6 6 0 2 0 6 2
9 8 5 6 7 1 3 0 4 9 1 0 9 2 5 1
7 9 4 8 8 6 4 3 0 9 4 9 4 9 4 0
