2 1 5 8 5 7 3 2 9 4 6 3 1 0 3 2
6 5 6 1 5 1 3 1 7 8 5 0 6 4 8 5
7 9 4 7 0 1 1 8 7 5 0 9 5 8 8 4
9 0 4 1 7 4 2 4 0 4 9 0 6 3 2 0
9 0 7 0 0 4 7 2 5 0 8 7 7 2 5 9
1 8 8 3 7 8 7 4 2 8 5 1 4 9 3 1
5 9 7 9 5 3 1 0 1 0 5 3 8 9 3 0
4 6 1 3 2 2 6 3 4 2 5 8 4 4 7 8
0 2 6 8 9 8 6 3 5 1 6 3 5 4 9 0
7 3 7 8 9 6 6 5 2 9 8 1 4 2 7 3
7 9 9 8 5 0 6 3 3 4 7 7 8 0 7 2
7 1 4 0 0 2 1 9 8 8 3 9 1 8 5 0
6 5 9 0 7 0 0 4 9 3 5 7 6 2 1 7
0 6 3 5 6 0 3 9 3 7 4 9 7 2 4 1
3 8 1 0 1 1 8 8 5 8 5 0 8 2 1 6
4 1 1 8 0 2 9 3 3 2 1 4 6 8 1 4
