5193
15319
26875
33753
58976
65134
74970
75878
81983
84011
86251
92537
99216
120485
124023
125603
140145
149678
149904
150765
152997
156321
158203
167014
171624
188902
198306
201517
218907
221016
241760
265372
269961
284096
289554
292832
295281
297927
310164
310235
331356
332195
348220
360606
367467
367592
376596
379417
395571
396021
396640
396974
397663
419378
419527
423586
437567
454752
465115
468229
474674
478860
507960
508333
517997
524446
532351
578406
585152
604588
618257
620457
626763
629523
630192
639532
665998
669192
676932
679821
691581
702471
711280
717013
746307
773308
775265
785959
809538
814210
817212
820432
825539
827984
829643
836604
843090
851147
857302
874726
882753
923630
937295
944690
947907
948215
971724
973781
975754
975899
989624
1022970
1051243
1057457
1063182
1073681
1091792
1094325
1106646
1112559
1118704
1120078
1120470
1124597
1132115
1143903
1165845
1168133
1169643
1184677
1205648
1209335
1226771
1229669
1243951
1246856
1249391
1258770
1266402
1271211
1271346
1280607
1306724
1313699
1334255
1335891
1340119
1350339
1384966
1385210
1388376
1399398
1401761
1416952
1420546
1430366
1434946
1457261
1469395
1481901
1485776
1490612
1491101
1500974
1506460
1511842
1532271
1538715
1546547
1553711
1569127
1584899
1599537
1601874
1605194
1606457
1626856
1628591
1632603
1639972
1640045
1647791
1653425
1656763
1668222
1702376
1734503
1747816
1761188
1767065
1789120
1799666
1802068
1804337
1819215
1820093
1844075
1859804
1864113
1864828
1876720
1890803
1896462
1911137
1928998
1935773
1949212
1953237
1959584
1965002
1985365
1997158
2001532
2003514
2009776
2012349
2022503
2030503
2031004
2032711
2041745
2056957
2069029
2069262
2077222
2081645
2083034
2084396
2086657
2092103
2094175
2096819
2100591
2114734
2138823
2144606
2165021
2166656
2185135
2188271
2191645
2206674
2208425
2223305
2224721
2238992
2240951
2252795
2267679
2279799
2303414
2304516
2325978
2329150
2372487
2382563
2384514
2400026
2401728
2402933
2403172
2411108
2418591
2432285
2453606
2456201
2462412
2469987
2487046
2492040
2493912
2498811
2501349
2504649
2518243
2554188
2572344
2576946
2580011
2585376
2591658
2607295
2612440
2624409
2626809
2628591
2633082
2643237
2662425
2689098
2690326
2701905
2713568
2717123
2719210
2722005
2743606
2757210
2760316
2775879
2782626
2787327
2811943
2821303
2823915
2835952
2843841
2847679
2863609
2865478
2872606
2889728
2902159
2907283
2917164
2945981
2992558
2994437
2995938
2998360
2999246
2999725
3010614
3026521
3028483
3032132
3051451
3059177
3065361
3068167
3083441
3084019
3093750
3100873
3102881
3110948
3120053
3120248
3134347
3154678
3165253
3183236
3186381
3207100
3208676
3209738
3221117
3224896
3236134
3254993
3265988
3286789
3293203
3293755
3305989
3307314
3309713
3311932
3314567
3320493
3320577
3323121
3347023
3354052
3405115
3425887
3433894
3453565
3465838
3521375
3536016
3556862
3568422
3572164
3588984
3620460
3621196
3623495
3626986
3627918
3634685
3634795
3635508
3641668
3645282
3654066
3661707
3675443
3678062
3681202
3690666
3719805
3727216
3728566
3751426
3774008
3787152
3788419
3797910
3799015
3803082
3812457
3826277
3827465
3835186
3850575
3854039
3862769
3864866
3904213
3908919
3911314
3911449
3911505
3915096
3933577
3936257
3943229
3946194
3951634
3961019
3974994
3981043
3991005
3994727
4009133
4024851
4028651
4030850
4051977
4055911
4062215
4076185
4076608
4089306
4108275
4125299
4126598
4131814
4149035
4149362
4161526
4165272
4168052
4177074
4178185
4178867
4197528
4200938
4206329
4207053
4225147
4231873
4249126
4253967
4258904
4262699
4268118
4275482
4275553
4290168
4319180
4325215
4332572
4340044
4342382
4349904
4357996
4360839
4360981
4391280
4412131
4415871
4417309
4420065
4425800
4438448
4441733
4446716
4456866
4460330
4470967
4485835
4492410
4492638
4493756
4496700
4496909
4508325
4517025
4526213
4538021
4543349
4553212
4575528
4576990
4590899
4597698
4625813
4646412
4654689
4663596
4673930
4677061
4678278
4693746
4717852
4718445
4731709
4738941
4752161
4759813
4762796
4776007
4779584
4780678
4823579
4823834
4828279
4843468
4843640
4844560
4849967
4884435
4894325
4896789
4898987
4914926
4933113
4958409
4967389
4974276
4985276
4997615
5001197
5030634
5031182
5075374
5080135
5089004
5089696
5117798
5120784
5159154
5168836
5178550
5183044
5197820
5203852
5208190
5216003
5219272
5248974
5252628
5301352
5301912
5315243
5321763
5331737
5338683
5356482
5363134
5379553
5380497
5398508
5399639
5410671
5412532
5417773
5433221
5436985
5445563
5455238
5456177
5461640
5467388
5477828
5490653
5493813
5553825
5562139
5564591
5574603
5593762
5594771
5612996
5623533
5624857
5644547
5649612
5668290
5681344
5706484
5715241
5719742
5742437
5751845
5765848
5783957
5790572
5800347
5823259
5835210
5838910
5844640
5850172
5850795
5868362
5870632
5885715
5889650
5890386
5899375
5903632
5928800
5940839
5968544
5968848
6008853
6018060
6041456
6066128
6080805
6104920
6123446
6133122
6134714
6150118
6161878
6188160
6201076
6226770
6226892
6229200
6235908
6239441
6249594
6251046
6251443
6272573
6280277
6283138
6284856
6288640
6288672
6297341
6306824
6332959
6360132
6372308
6379247
6396229
6415004
6438423
6448009
6472300
6480070
6484048
6572695
6576693
6577060
6599110
6601871
6602383
6607568
6607829
6613911
6619392
6628635
6637497
6639648
6644148
6648456
6653018
6673634
6681772
6715569
6732510
6734302
6735697
6736955
6757818
6770932
6776455
6779557
6780432
6794429
6810912
6832803
6838479
6845529
6855261
6855434
6878718
6879986
6880575
6883835
6914019
6930859
6941964
6946731
6948818
6953605
6986131
6990557
6992624
7001607
7020625
7027154
7030698
7032570
7036105
7037443
7041197
7041525
7042340
7046458
7089486
7093438
7120921
7137623
7143090
7155723
7162769
7166054
7169814
7178504
7202882
7216035
7216790
7222509
7229487
7251071
7259869
7260883
7271592
7294766
7309460
7320650
7325555
7380969
7382744
7382815
7386263
7399498
7436259
7468434
7481748
7481774
7501649
7508387
7516686
7524521
7525178
7526661
7546705
7549456
7575636
7587150
7587467
7593177
7602514
7606849
7608226
7634047
7634854
7664602
7672148
7685789
7686140
7687336
7693670
7697264
7698631
7708368
7713986
7724779
7748570
7750841
7758668
7768228
7768691
7820923
7830645
7837248
7843790
7854176
7861920
7869642
7893668
7898860
7920626
7926079
7927405
7940754
7947298
7949891
7959974
7962556
7962980
7963564
7964299
8020694
8026977
8029647
8053213
8055359
8055756
8061626
8080460
8082645
8088182
8090135
8101754
8108699
8110371
8119250
8124176
8140150
8153513
8157852
8161101
8193172
8210002
8214143
8214603
8221919
8227125
8278050
8284366
8297860
8306281
8308729
8313420
8321782
8332019
8345398
8346788
8350314
8368876
8381115
8388454
8391312
8397246
8401069
8408023
8410794
8426101
8428886
8432995
8441554
8461352
8502171
8518555
8534708
8536862
8540601
8554183
8561745
8565910
8568457
8571579
8615230
8619006
8626433
8629842
8637943
8645123
8649412
8679936
8682557
8684410
8694524
8723698
8744239
8766937
8802202
8804477
8805231
8815225
8829307
8842601
8844152
8856705
8872416
8876802
8877911
8881223
8894048
8897684
8902628
8922477
8932213
8934272
8941009
8943557
8957255
8961431
8962752
8987725
8997385
9027581
9056318
9057404
9057404
9069542
9072423
9077254
9085320
9091182
9110785
9143443
9147753
9153956
9168870
9171479
9175980
9185423
9189774
9202545
9219489
9239802
9245258
9245925
9252560
9253913
9261238
9261399
9262361
9267471
9272036
9275087
9305201
9320002
9321143
9331779
9337095
9337407
9351575
9372984
9375414
9391349
9415975
9418439
9456659
9459901
9461702
9472910
9474404
9498599
9501595
9502221
9503662
9511029
9534671
9540437
9542299
9547246
9561731
9563125
9577637
9606555
9616138
9632943
9646866
9681388
9684927
9685482
9688685
9714572
9727602
9736313
9742633
9746793
9763705
9781560
9782787
9803632
9810455
9811691
9830655
9835997
9837184
9840547
9850441
9853014
9865964
9871441
9880644
9891868
9893093
9906980
9914401
9916132
9949699
9956908
9959099
9964108
9990069
9998661
