817
9969
32743
41111
66939
76728
78976
90823
94585
95333
120700
124867
150558
153227
156257
156570
157216
167608
181199
194458
203955
205247
205614
206033
210021
214306
222759
223605
236858
247610
258501
282945
284495
293957
304335
313807
354503
365967
373739
378542
379356
386579
386920
437097
444803
460596
467164
467272
477690
481714
488762
490593
508511
515434
521590
526636
528520
538104
539342
584936
585601
589397
590806
600214
620598
641102
646766
668856
674606
694092
706745
715541
725156
737050
744612
746776
747417
751456
756345
770688
797144
854541
858809
872208
892584
906089
926257
934297
961504
963750
975476
998036
1006641
1008203
1016097
1017284
1042680
1046064
1074711
1075596
1096376
1096466
1110493
1111209
1117416
1129944
1141111
1146943
1156603
1162680
1184293
1189017
1191961
1210087
1281976
1284321
1303883
1315223
1325102
1325893
1329752
1334469
1336150
1338112
1343518
1345759
1351884
1376483
1376831
1383166
1385119
1391195
1410603
1424073
1425400
1435855
1455376
1471037
1480507
1481072
1483279
1486131
1497243
1500729
1505059
1505673
1529033
1534974
1553627
1571210
1580932
1595460
1612992
1614191
1640255
1644195
1651005
1652850
1653790
1656158
1658857
1670103
1673041
1673922
1700060
1722899
1743635
1748893
1768006
1779509
1795407
1806701
1807706
1815018
1816224
1830925
1852505
1886174
1889860
1893319
1897317
1903674
1911339
1912377
1915679
1923656
1933036
1972506
2001338
2002012
2014384
2014693
2017390
2022758
2024395
2033546
2057532
2069930
2074128
2082970
2091801
2129123
2132436
2137340
2159424
2165295
2170767
2184016
2187725
2188171
2215074
2232685
2234983
2237349
2240319
2252788
2255997
2260573
2293775
2320968
2336746
2337903
2344788
2346104
2346805
2352453
2361492
2364034
2378323
2386819
2396431
2398750
2406635
2407779
2419430
2436089
2438140
2449340
2450558
2457238
2468930
2477324
2488260
2490352
2499295
2511402
2524313
2525966
2536585
2538063
2540065
2575576
2576208
2577727
2579978
2585206
2586161
2602467
2603798
2605552
2616900
2620957
2630847
2630951
2635325
2646830
2666668
2673999
2678000
2701464
2701813
2710993
2723075
2737834
2759381
2767169
2774882
2782466
2806498
2806536
2807458
2810383
2839360
2848073
2853362
2863729
2867223
2867855
2868643
2879049
2894353
2924400
2927015
2933210
2938059
2960622
2969088
2970520
2975845
2975933
2978634
2982310
2988157
2994823
3001503
3015136
3022718
3025315
3032868
3034345
3046854
3050371
3062195
3064786
3093909
3122276
3123711
3125286
3139282
3145244
3147065
3155158
3156669
3172612
3188243
3191628
3194004
3202848
3206288
3208392
3211891
3213515
3216894
3227902
3278048
3285016
3313436
3318065
3324035
3340809
3343554
3353282
3374406
3389819
3446574
3454490
3457360
3467656
3468404
3481671
3484584
3511660
3512664
3513948
3519305
3540683
3549442
3558372
3570301
3576152
3601282
3625535
3630218
3636146
3654345
3656767
3661474
3662535
3663674
3668335
3669783
3670423
3695036
3716228
3720693
3722956
3727567
3756603
3760970
3761844
3767305
3777871
3818078
3820240
3823363
3844367
3852099
3854329
3860145
3891595
3904111
3909218
3915371
3926023
3929050
3931637
3936507
3944742
3946112
3951204
3958658
3963330
3966140
3973479
4001674
4002666
4004222
4006970
4016120
4019760
4022781
4032975
4035339
4036383
4043300
4046291
4057098
4094427
4103960
4105497
4118562
4118573
4128374
4162625
4167696
4177542
4187400
4197548
4213013
4233393
4235663
4262111
4270856
4273757
4292584
4313481
4321288
4328176
4328294
4330019
4334380
4343053
4353952
4363892
4364938
4365742
4392038
4404710
4409942
4423412
4427650
4439298
4446842
4452045
4469528
4477085
4483012
4486203
4493051
4494137
4501877
4534869
4549780
4557356
4560943
4570808
4570898
4583774
4585356
4607058
4634978
4637139
4640509
4648315
4666448
4670404
4670512
4679450
4684826
4691774
4694015
4696283
4700146
4710475
4710607
4718919
4740464
4741072
4743844
4748495
4793272
4797232
4797317
4805484
4822118
4822647
4829464
4852803
4855482
4857399
4858606
4882034
4885857
4891013
4895820
4901741
4904641
4920455
4921961
4923094
4931554
4939163
4948943
4994810
4999797
5007942
5013570
5022627
5026880
5047606
5075729
5080874
5083608
5089208
5089409
5099125
5108243
5111212
5112712
5121222
5126315
5161811
5170650
5180044
5190193
5208822
5224583
5252295
5264601
5283227
5289863
5304281
5307862
5330644
5352993
5366420
5397304
5398669
5402228
5414609
5434338
5439045
5464935
5471751
5473160
5480205
5484740
5491480
5501716
5516285
5521241
5547053
5557685
5567273
5572056
5579804
5584440
5596986
5619737
5635237
5689418
5694384
5723310
5760647
5768062
5792538
5795136
5797485
5828786
5831670
5845944
5854100
5855635
5856768
5861634
5868368
5869525
5871419
5878594
5884924
5917365
5925412
5962448
5965364
5974378
5975719
5992336
5994824
5997906
6002204
6003514
6014573
6028399
6037967
6050386
6059790
6062299
6068301
6070349
6075480
6077800
6110913
6122657
6159515
6159871
6171871
6206042
6206784
6213933
6215422
6240458
6247114
6251815
6270176
6292870
6293561
6314165
6320584
6328192
6335162
6365119
6375360
6378125
6384398
6394729
6403496
6447426
6454101
6469237
6481831
6494645
6497166
6540088
6564809
6570568
6575300
6581630
6587765
6589414
6590813
6592458
6619587
6641282
6641302
6644839
6656156
6660663
6675121
6681426
6714332
6717904
6724262
6731899
6737303
6752349
6758572
6791806
6804319
6818311
6825278
6840504
6855437
6870249
6880154
6880180
6898848
6915032
6920751
6939318
6950162
6954533
6969637
6972270
6983227
6997812
7001678
7011652
7014556
7029302
7029497
7060918
7069014
7075125
7087251
7095914
7108046
7110767
7160513
7172778
7174133
7200615
7203790
7205088
7207616
7217102
7230784
7230875
7244385
7247029
7255076
7265950
7266750
7274713
7276215
7285056
7294662
7295973
7308348
7340387
7347270
7366999
7378190
7384035
7387265
7403841
7420916
7423396
7425861
7434266
7434272
7451091
7458918
7474639
7479173
7486605
7491069
7518762
7535860
7542191
7545371
7545822
7545947
7547455
7564712
7589708
7594464
7607579
7608691
7625425
7625571
7630876
7633497
7637215
7641639
7648009
7651139
7681384
7682352
7682671
7683126
7686286
7689937
7693794
7697588
7703339
7705840
7707718
7711545
7713917
7726940
7731726
7761822
7777486
7783797
7800596
7813094
7816473
7827858
7837248
7846272
7847824
7857341
7873660
7874268
7885726
7896962
7924291
7926024
7945869
7950600
7951507
7952734
7960182
7986771
7993103
7998327
8005919
8009450
8016921
8034319
8046208
8053085
8056922
8068067
8079154
8086478
8115554
8123328
8124628
8133140
8140364
8141340
8151045
8186416
8186521
8192289
8194712
8201964
8208063
8215882
8224150
8234567
8241471
8248400
8254358
8255598
8283154
8295915
8302763
8318162
8318615
8339169
8349931
8365074
8368698
8368734
8385004
8385625
8385968
8390399
8412260
8425273
8432479
8436060
8443151
8467848
8469666
8469882
8477190
8479338
8484206
8495684
8518147
8535957
8558928
8562789
8564594
8565645
8583837
8595339
8599022
8609290
8617396
8625963
8650886
8664347
8675069
8694020
8697971
8702238
8703492
8714110
8729936
8741726
8743212
8766033
8778746
8784346
8802188
8826537
8829563
8836878
8842052
8843956
8858848
8872101
8873942
8899304
8904577
8913065
8924635
8956807
8957972
8958903
8988823
8994548
8994757
8997501
9003017
9009275
9015201
9026064
9027558
9027918
9033553
9036248
9047655
9058915
9061009
9065438
9081355
9091456
9093542
9101804
9112193
9141243
9148610
9170819
9171318
9175431
9191466
9213321
9224723
9228871
9235196
9255765
9257326
9262157
9263128
9267568
9269464
9270184
9271821
9282175
9283169
9289642
9300387
9338669
9374480
9375470
9392820
9409129
9409509
9415283
9435233
9438405
9441744
9444548
9453680
9462782
9468298
9476065
9494648
9496945
9533926
9557987
9560472
9562005
9565613
9568588
9619827
9625941
9627314
9637333
9639270
9649294
9660207
9661829
9679099
9683828
9684090
9703891
9708423
9730099
9749687
9752046
9759490
9772324
9775965
9777891
9787916
9791894
9793138
9794621
9797809
9801314
9819540
9829769
9837388
9837613
9853163
9883666
9921745
9952901
9965920
9974765
9979891
9988083
9990527
9996285
