17283
21698
28413
38100
42667
43422
55132
60043
93055
95358
111006
118641
154108
162436
171120
177371
179355
188856
199669
217097
227258
233076
239118
243437
248395
256108
271005
307022
325634
329406
338256
344040
359294
360280
370172
385538
386359
389829
391172
393908
394736
396664
405401
416598
420545
424830
438964
448008
462851
485082
492131
495609
506653
522628
536684
542181
546063
562075
568392
582202
584261
611645
614162
619415
622300
622427
631358
634852
635164
638557
639323
644911
646001
649103
677078
690199
719140
733492
747817
751508
758387
769026
777750
781987
786358
791916
799114
808406
812642
818548
821503
827785
834815
847498
850147
857373
864463
869598
874817
899731
936758
942520
945600
960955
960956
965235
987434
995205
1000320
1004578
1005296
1016497
1020497
1040958
1045014
1064678
1070386
1071699
1099799
1101765
1103028
1109478
1153676
1156210
1161761
1175474
1179895
1201204
1217433
1228134
1233145
1239618
1242872
1253677
1274142
1281200
1285991
1287138
1287658
1303992
1317110
1320555
1320729
1334273
1335195
1346433
1348477
1358809
1360156
1361388
1361766
1363490
1375915
1382613
1409079
1410986
1433521
1435366
1445504
1452892
1454053
1464145
1464483
1469229
1475484
1478741
1489083
1493681
1496571
1506255
1514980
1521827
1523556
1535190
1536452
1539220
1554954
1563117
1567991
1570528
1574825
1580821
1587789
1591171
1591362
1609422
1618071
1647022
1650547
1653263
1670244
1670674
1680191
1695611
1698959
1701674
1705465
1706845
1717385
1723517
1724431
1729762
1770509
1787582
1811379
1813394
1816046
1816468
1822902
1825690
1831851
1836460
1836918
1844477
1855085
1855754
1868984
1875376
1902851
1925193
1935406
1939998
1969153
1972353
1983279
1988756
2003736
2003942
2004661
2016691
2020732
2031077
2044340
2051091
2058673
2075854
2078963
2113393
2119399
2123712
2133454
2134051
2151429
2162198
2197064
2204730
2241709
2243030
2243478
2247162
2280802
2286968
2291886
2318587
2328062
2329799
2335145
2384378
2399626
2404016
2428277
2429304
2457357
2476615
2485944
2494960
2501624
2513482
2517837
2524798
2548288
2574495
2588009
2590174
2592428
2596160
2603879
2623537
2684918
2686738
2696599
2699896
2722950
2725029
2737734
2743255
2748104
2759316
2764029
2773232
2781914
2790503
2812122
2838557
2841518
2867013
2879697
2879899
2911024
2913322
2916696
2927474
2930851
2931924
2950597
2956805
2964733
2990671
2993319
2993445
3010751
3013749
3013780
3020413
3030131
3034328
3037719
3041877
3050011
3065710
3066324
3078627
3129308
3150556
3161280
3168261
3172175
3239153
3243380
3247569
3257330
3263962
3266056
3286206
3307678
3316032
3334168
3356178
3362363
3382209
3391767
3408009
3413028
3414994
3416274
3417923
3464351
3466277
3470459
3486008
3497039
3506595
3520152
3532699
3550659
3551799
3568793
3575001
3588718
3608450
3612556
3622680
3632842
3650283
3674972
3696672
3699406
3713109
3715767
3732338
3745307
3750850
3779865
3791015
3809073
3814049
3815786
3823318
3828467
3844909
3846210
3855201
3877280
3916364
3931595
3942681
3944080
3945747
3948232
3953787
3963320
3973903
3977301
3994519
3995428
4004057
4004845
4015846
4031697
4044457
4047573
4061308
4066671
4085713
4109995
4115128
4116534
4135142
4159831
4188553
4188985
4194353
4197723
4208525
4219271
4227429
4234379
4238493
4239562
4242182
4255960
4256171
4271411
4282992
4283169
4295899
4314329
4316829
4319369
4322725
4350683
4354445
4358773
4365451
4380520
4394167
4408292
4417246
4418588
4424059
4424919
4432810
4437403
4449477
4453294
4474451
4475011
4476545
4478258
4479030
4480033
4484728
4505445
4518000
4521844
4525301
4537370
4537405
4552771
4592482
4641343
4668502
4669027
4679637
4682433
4693536
4706299
4753289
4757200
4762888
4765527
4766685
4767737
4770262
4783866
4798425
4811369
4819871
4821875
4826688
4833081
4836969
4845687
4872348
4882277
4902014
4905685
4908252
4918609
4922362
4951819
4953754
4990793
4998799
5007980
5010604
5020332
5028689
5039817
5047949
5065220
5072971
5076249
5082397
5086730
5094212
5124321
5128753
5130800
5135339
5165858
5186941
5211696
5226097
5241202
5253384
5256499
5259966
5290500
5291201
5296709
5316268
5331436
5391305
5396776
5424635
5441755
5442634
5447494
5461114
5463339
5486149
5502345
5528031
5532860
5557139
5561958
5569037
5573491
5606518
5619381
5648914
5653636
5655679
5662090
5665094
5670829
5676334
5676814
5679499
5680303
5691758
5706478
5744683
5746692
5767892
5769606
5770319
5786001
5806593
5809684
5814608
5826422
5827090
5840830
5845808
5852879
5879264
5907630
5908242
5917242
5940693
5950348
5976317
5988955
5992414
5994194
6018453
6019520
6020388
6037002
6042359
6047051
6051966
6057346
6070438
6071724
6083813
6084799
6087005
6116005
6120382
6133053
6136891
6138248
6147467
6164419
6167363
6170919
6173292
6183611
6188012
6195040
6206127
6213229
6233616
6240899
6244991
6258585
6263263
6264365
6275157
6292817
6295864
6297004
6302018
6315340
6320612
6354155
6360813
6365008
6382186
6385560
6389358
6402036
6402703
6439865
6448443
6458970
6467519
6480897
6492744
6508429
6523447
6529153
6536670
6553356
6559202
6559391
6560696
6574921
6590527
6613342
6626557
6637871
6658102
6667296
6668248
6671632
6702603
6731586
6731953
6732987
6744531
6759282
6760218
6766572
6781625
6796020
6796928
6803150
6805424
6819262
6821953
6824769
6826829
6831627
6840173
6840503
6848748
6848876
6852893
6879040
6892533
6894614
6895015
6898115
6902530
6903107
6909694
6910026
6912924
6932122
6957468
6970534
7025729
7025860
7038078
7053766
7058061
7065291
7073969
7078852
7079483
7080867
7094235
7095331
7102704
7113033
7139309
7167556
7189765
7199949
7200270
7204755
7204790
7210174
7220681
7230368
7243762
7248052
7252134
7257569
7261504
7263274
7268239
7284861
7290745
7297996
7308020
7308314
7322078
7323943
7326635
7338318
7357133
7365256
7368507
7369523
7371476
7374916
7378051
7383443
7388285
7390557
7394832
7395167
7395418
7409012
7414783
7432306
7433296
7442094
7444399
7447968
7453444
7454498
7461935
7470369
7474595
7506283
7510039
7526535
7530715
7547739
7555306
7556349
7579715
7594426
7604510
7624490
7627068
7627855
7654196
7671252
7671254
7671565
7674245
7682081
7682490
7687732
7691411
7694668
7699986
7712148
7730990
7736690
7752775
7754495
7757312
7777070
7779285
7784502
7795449
7805693
7809440
7823519
7840974
7847091
7862525
7863893
7865284
7872274
7876636
7886834
7887923
7950577
7957506
7972955
7988315
7990249
8009841
8012315
8012869
8012897
8020248
8037235
8052378
8058190
8082567
8091608
8097964
8108340
8128097
8137008
8143142
8145962
8146579
8171900
8188230
8190782
8197946
8204139
8213710
8241275
8241447
8243665
8251436
8258041
8269226
8295699
8306525
8307219
8312671
8313526
8316562
8321042
8330528
8337576
8345390
8393145
8401313
8402666
8446318
8469490
8494982
8517432
8518298
8521401
8522854
8523459
8526919
8530075
8548284
8557841
8566949
8574143
8577901
8601638
8632379
8634410
8640517
8643072
8670113
8680119
8691813
8698445
8700952
8704161
8705193
8745983
8757079
8784338
8793902
8801026
8802900
8856051
8898318
8903303
8920102
8930407
8968425
8982767
8999687
9005791
9006263
9006898
9011038
9020691
9025491
9031629
9032354
9036059
9036259
9039819
9046835
9056870
9060503
9075602
9076817
9087409
9122680
9130494
9144166
9145616
9145859
9151318
9160098
9176352
9187688
9191196
9205385
9224432
9228422
9231816
9233608
9241808
9246391
9249661
9256772
9265979
9272772
9312724
9314009
9315015
9315807
9334312
9335067
9338085
9340089
9347187
9351649
9371714
9377703
9393568
9394424
9395187
9398496
9402145
9403012
9410366
9413620
9415132
9441750
9459077
9484023
9486002
9487450
9488103
9493370
9499710
9507549
9539273
9543657
9557135
9559540
9569773
9573426
9574390
9580266
9592604
9595331
9608118
9612301
9633326
9633954
9636344
9647057
9648697
9716935
9722592
9731794
9737831
9740399
9742600
9750968
9793451
9799520
9804465
9823259
9826365
9829201
9844447
9845576
9861721
9871694
9874854
9901606
9912860
9913434
9928718
9939844
9943189
9945347
9951426
9961751
9969199
9996670
9996787
9998051
