32053
32531
33586
35765
44536
57661
66135
66669
68594
89223
101175
104550
105778
105821
134193
138409
139643
140073
141847
145946
149416
157480
175984
178377
178463
238559
242497
246488
248448
257628
262545
267031
276319
284250
285423
312108
312233
326349
336429
353623
382646
396422
405360
408260
417448
424563
425275
429089
433051
433099
444969
456575
460367
460621
474238
478415
491648
502131
513631
546084
546866
548857
560627
584450
588092
589393
667018
680496
684247
688708
696597
709591
719699
728899
765620
769519
792340
794535
804533
804947
823444
834148
837085
837104
845042
853746
866561
883955
908310
917676
934158
965299
979926
1006857
1017427
1023347
1030811
1033827
1041195
1049047
1055566
1063942
1096293
1116097
1122009
1126631
1130299
1146425
1149523
1156067
1158114
1223994
1227496
1229387
1230945
1237816
1241661
1252343
1257343
1259022
1282679
1290687
1294272
1295070
1295398
1309664
1325106
1326574
1338511
1360720
1368854
1374542
1378065
1379261
1386871
1387219
1391933
1392835
1394017
1413373
1415291
1415534
1439502
1443115
1448555
1458310
1466309
1474964
1476090
1485211
1494338
1516539
1517539
1530081
1552369
1574012
1575656
1583657
1599141
1607589
1626569
1633942
1641570
1654513
1660779
1668701
1671389
1716596
1723712
1734551
1753418
1771808
1788186
1797915
1817157
1842597
1859516
1859628
1877768
1899929
1900479
1904482
1923470
1933557
1936381
1951134
1953173
1954775
1969398
1971191
1981564
1988995
1995566
2006665
2013701
2027396
2039450
2048041
2051720
2062361
2069083
2069129
2070310
2080730
2085797
2107470
2114033
2119642
2126896
2148745
2149228
2161392
2164441
2164671
2173074
2174197
2178148
2180404
2186675
2193232
2194238
2201327
2201416
2205317
2208393
2209521
2223844
2224315
2228357
2229264
2244762
2252405
2295263
2305820
2306977
2321230
2328291
2333186
2345134
2353185
2353689
2402022
2443685
2461205
2470363
2494232
2504481
2510399
2510938
2551998
2555067
2575740
2579519
2594796
2595594
2599134
2603646
2612229
2622886
2633245
2639065
2641506
2657365
2661306
2664822
2686187
2690552
2763793
2764905
2766938
2768194
2771402
2782705
2783331
2787836
2803682
2817596
2819132
2824353
2825953
2828492
2829727
2834037
2845320
2857868
2878950
2880501
2880951
2892037
2909248
2909505
2915520
2916493
2926754
2939658
2946561
2954787
2962646
2977261
2993915
2998959
3003370
3003833
3029811
3037528
3038189
3039211
3049124
3052090
3079339
3089724
3096317
3097870
3101974
3110467
3110570
3116202
3139057
3139579
3145673
3192008
3193010
3205297
3206328
3220264
3226810
3242306
3251403
3253159
3253770
3259434
3276180
3277297
3284496
3287897
3294754
3296161
3296902
3302917
3312210
3312579
3316448
3317601
3327932
3335210
3349267
3356605
3368657
3378750
3392688
3393877
3403438
3413150
3421098
3432714
3435712
3443354
3449034
3468088
3480684
3488215
3492926
3493506
3503337
3507811
3522804
3523499
3550679
3551763
3553725
3556225
3565984
3594932
3599671
3631203
3633086
3641972
3644024
3650411
3652657
3657805
3661711
3671175
3671738
3684992
3700783
3714244
3731062
3746613
3753879
3768654
3787312
3788718
3799023
3801767
3805147
3812311
3819637
3822672
3830592
3844936
3912488
3930336
3942088
3957842
3962528
3966552
3966918
3967564
3985935
3987892
3992423
3998692
4005146
4009208
4017085
4025231
4032924
4064939
4095452
4097500
4109969
4117716
4133051
4135709
4140647
4144209
4153412
4164649
4226180
4227072
4238269
4241829
4242565
4256903
4262131
4280434
4287913
4294327
4332883
4342754
4357243
4376623
4382787
4383092
4391638
4404061
4414975
4420354
4421335
4431977
4432445
4453600
4458824
4465780
4466340
4468281
4477667
4480027
4481521
4488991
4494180
4496848
4529264
4541940
4547166
4551774
4555223
4556316
4596674
4604032
4605208
4611813
4620452
4633355
4634150
4648824
4651888
4655377
4655575
4661088
4662336
4667336
4680366
4700435
4707538
4736215
4756557
4756889
4758803
4760494
4787797
4799411
4802117
4812242
4814987
4819463
4833354
4835461
4838230
4845617
4846427
4846903
4870847
4896413
4918285
4932122
4932996
4936412
4955855
4971239
4981776
4983909
4997017
5018942
5022811
5029772
5041808
5050401
5066082
5083676
5122692
5127531
5132824
5156232
5161238
5165974
5167338
5168228
5181734
5182200
5200046
5202317
5202659
5202675
5207645
5212644
5225831
5236925
5238171
5253953
5254955
5256142
5263829
5278802
5286167
5324538
5325320
5349573
5351195
5355807
5367157
5407872
5425181
5430254
5431082
5436598
5451239
5451803
5461773
5475576
5480879
5486117
5507907
5511707
5534529
5544892
5553316
5556789
5556875
5574203
5591445
5612004
5627604
5629984
5639383
5642670
5647043
5649062
5650904
5653262
5660747
5670326
5671119
5693680
5696904
5696929
5700769
5705885
5706483
5720517
5750504
5752525
5775977
5788653
5802244
5805336
5806140
5807406
5820077
5821737
5868632
5887853
5896219
5905637
5905983
5925050
5925110
5925447
5946684
5963854
5979253
6028813
6030739
6047299
6056710
6061634
6066539
6069118
6085702
6089355
6092568
6097561
6099054
6108874
6111990
6114886
6121500
6125568
6127731
6132905
6133602
6146600
6148078
6159877
6167068
6177940
6194571
6200167
6225506
6236133
6238557
6248873
6249758
6254309
6260261
6268639
6291048
6309290
6311461
6334712
6338662
6348408
6359710
6360091
6362423
6381517
6382009
6388033
6390954
6391498
6392562
6406912
6440294
6443812
6458712
6476647
6477030
6484605
6493815
6517389
6528633
6529396
6541407
6544009
6547516
6551407
6551928
6553084
6558493
6561599
6569932
6589646
6607962
6612797
6615535
6624180
6642421
6651049
6657623
6669662
6679160
6685379
6688307
6700120
6704166
6714313
6716541
6722825
6724425
6731547
6745014
6763574
6769700
6787665
6788637
6790488
6792494
6793567
6796706
6803436
6820279
6829891
6834405
6841205
6847469
6849274
6850130
6854007
6866361
6876377
6876662
6879162
6895242
6896375
6901916
6918981
6940191
6944917
6953200
6959936
6983361
7008283
7008938
7010946
7012512
7015028
7025357
7027332
7049050
7049584
7069486
7081554
7103377
7110304
7116302
7129746
7171108
7174104
7197641
7201384
7201977
7227440
7250440
7322615
7324835
7337259
7366200
7380639
7382714
7400535
7400544
7405122
7413834
7419615
7421990
7426446
7433141
7457013
7465674
7467155
7487548
7487767
7524078
7539984
7558268
7565236
7575676
7584480
7596441
7602169
7649661
7680556
7686472
7688857
7692347
7694786
7707325
7708510
7717880
7718148
7745941
7754959
7763127
7768427
7830498
7839524
7855085
7855393
7875199
7889011
7926712
7937506
7946337
7948339
7986804
7987395
7995210
7996477
8017150
8030674
8052599
8053070
8059824
8073695
8100768
8132967
8148536
8158185
8159898
8159938
8172739
8176747
8177113
8185725
8214027
8227027
8236607
8242284
8281245
8290038
8312358
8317031
8330364
8334594
8343138
8351414
8365387
8371030
8392781
8407101
8422748
8427265
8432681
8450747
8460282
8461642
8462588
8482994
8486326
8508542
8515202
8516219
8525919
8533334
8538198
8552284
8553330
8569452
8572414
8578259
8581081
8606846
8612948
8629106
8634511
8635161
8651396
8660099
8673476
8673762
8681607
8685640
8686148
8712088
8716830
8719845
8720435
8738632
8738748
8742291
8744814
8776134
8786540
8803277
8808656
8839021
8841174
8851778
8861339
8864390
8865840
8891026
8899064
8910996
8929626
8937774
8938729
8950066
8952018
8952295
8960252
8965001
8967284
8973361
8981058
8988791
8992491
9014105
9027356
9045122
9067847
9067998
9082605
9123222
9139914
9156328
9164409
9165631
9169169
9173473
9174855
9175929
9185235
9190738
9196944
9203516
9236945
9242340
9243464
9249668
9255774
9279657
9279935
9295116
9305594
9307415
9312220
9318578
9319634
9332392
9334983
9347109
9348330
9353661
9356318
9356564
9387062
9449686
9457963
9469024
9476267
9479591
9511570
9518019
9518396
9543192
9564719
9569297
9575707
9585269
9634861
9645804
9648236
9673915
9696650
9723037
9723347
9732799
9753381
9753899
9769699
9772648
9780417
9786936
9792247
9795701
9801985
9808455
9815045
9841281
9851087
9859616
9862681
9869251
9876489
9877556
9897386
9900203
9900554
9905649
9918562
9955889
9957273
9957543
9969122
9975351
9976685
9982052
9987117
