16848
38158
40641
42531
49552
62862
74118
96956
141601
142715
146402
153699
180398
233092
234150
234183
240266
245516
267984
270973
271179
282106
283514
290324
312517
350662
355136
355408
356419
370418
386087
400376
416926
435099
435411
439723
460844
482750
498342
504888
512321
517046
524391
530696
539208
544972
548991
563340
569646
575461
589116
589790
611237
617696
656181
666346
666628
673568
674086
676198
693621
697753
720696
723614
734134
745237
754186
767460
772383
801513
815150
825130
836334
837322
851929
860576
881563
881847
890954
901886
911028
916588
933333
955641
957424
967303
980112
983807
984662
996991
1019138
1025332
1027682
1041659
1064000
1066548
1093780
1094749
1102361
1116243
1118351
1118579
1120242
1123405
1147102
1152669
1182780
1199336
1199728
1204963
1211828
1218099
1231143
1232397
1244694
1268525
1276970
1287244
1299517
1300264
1301884
1312248
1315938
1319761
1333950
1361434
1363382
1381265
1385972
1386838
1401310
1401429
1453022
1464676
1468430
1468789
1479336
1485545
1494368
1496329
1497155
1497578
1516461
1516981
1518996
1568323
1609901
1615141
1658130
1679311
1710352
1758880
1766668
1785921
1787874
1798152
1799057
1801929
1816697
1821773
1837676
1895131
1908824
1911811
1920820
1933886
1934672
1948740
1951548
1977620
1978757
1998856
2015527
2019499
2062595
2080138
2088901
2118325
2132718
2141979
2174660
2179303
2185515
2188827
2188832
2194759
2199172
2216349
2221584
2228751
2235492
2241434
2249287
2269403
2270643
2271452
2281319
2315062
2324728
2333839
2343495
2361342
2390067
2390079
2392105
2398702
2403473
2407704
2426583
2433620
2440351
2454494
2463000
2467705
2478430
2481383
2489893
2494718
2495756
2528244
2534106
2534691
2541484
2557754
2561074
2567594
2569812
2576272
2577530
2584247
2585291
2587740
2611602
2629536
2631024
2632074
2635848
2637046
2644190
2653573
2661840
2667789
2679690
2690675
2690951
2694667
2703447
2714582
2720797
2725284
2730569
2735755
2740386
2749545
2750730
2758650
2770154
2772966
2779721
2786698
2790105
2804398
2806326
2807016
2809149
2828150
2830023
2841329
2850063
2865995
2871431
2872807
2874634
2877679
2878204
2882492
2894920
2907870
2911084
2919473
2922357
2956242
2963883
2970621
2995340
3004431
3014672
3027053
3031869
3049896
3051643
3053787
3055569
3065934
3082154
3099997
3108752
3154777
3157136
3165598
3179139
3187254
3197478
3218944
3233128
3233379
3238840
3247638
3273932
3280025
3286382
3293857
3298573
3316462
3326990
3330212
3372655
3385179
3396915
3407069
3409135
3426771
3446573
3477489
3494285
3511713
3527188
3541712
3545332
3547106
3553573
3565697
3567561
3570611
3571389
3573538
3585345
3593038
3607088
3609198
3615347
3622977
3626767
3645283
3652926
3661817
3661877
3678329
3682972
3686125
3689065
3695750
3702306
3703646
3717592
3725262
3725620
3731078
3731104
3734816
3734841
3749241
3751426
3756709
3770665
3779222
3799358
3817277
3818625
3832906
3840283
3854863
3855920
3866196
3870050
3871569
3881420
3889000
3898742
3899488
3903863
3920335
3933227
3933603
3936741
3947024
3968940
3972640
3988667
3996939
4006752
4026948
4037260
4045008
4073212
4077610
4078009
4085856
4099838
4100821
4104110
4114349
4138558
4138628
4145560
4152024
4154526
4154843
4157081
4160689
4161448
4167244
4177467
4179909
4192083
4202676
4206339
4208359
4249836
4261339
4265568
4276423
4284400
4286722
4292413
4293069
4298022
4298559
4301309
4308842
4342921
4351879
4352906
4360818
4375097
4378857
4395505
4400945
4411133
4416984
4420110
4423808
4428077
4435011
4443687
4454759
4478264
4480419
4519163
4536421
4549437
4549626
4564341
4577206
4593279
4624370
4636947
4637104
4637253
4646053
4655931
4666459
4676286
4687743
4694807
4697757
4702899
4715739
4730704
4738191
4740333
4741045
4744529
4745556
4761651
4779656
4785993
4793742
4802323
4808816
4824907
4835823
4843115
4874677
4883512
4887273
4923042
4923839
4929840
4932407
4934916
4960681
4967514
4969453
4977282
4982420
4983588
4985015
4987901
4991383
4994855
5038622
5041153
5048124
5068469
5070552
5079785
5124610
5126923
5127058
5142442
5188246
5199132
5205084
5213399
5220994
5224072
5227979
5241299
5258948
5265768
5265820
5267908
5269336
5270900
5274465
5283228
5289226
5295675
5316841
5320191
5327407
5346244
5389854
5391549
5397956
5405247
5441211
5452407
5469651
5488898
5541454
5548804
5551638
5552511
5568690
5596419
5599686
5601085
5604417
5604773
5611132
5618997
5652263
5654191
5661482
5675523
5681733
5682045
5686377
5717940
5730397
5732424
5736058
5739791
5740800
5746470
5761208
5766563
5776047
5787427
5822389
5827096
5830750
5839134
5841570
5842084
5859906
5865907
5874128
5878968
5880427
5897465
5903011
5918304
5939075
5944658
5948504
5954469
5964473
5976198
5982456
5985288
5990574
5996685
5999345
6007310
6027912
6067560
6068066
6075300
6079358
6088489
6163819
6169576
6182898
6217947
6252097
6278103
6280280
6283183
6283419
6283942
6295628
6311159
6315854
6337048
6342779
6344424
6344906
6346815
6353053
6375905
6376446
6400843
6409121
6423131
6423387
6441697
6453562
6463833
6477227
6486088
6517444
6527427
6533909
6544904
6545144
6545272
6564565
6570383
6600253
6615888
6619961
6620987
6635472
6636138
6640276
6649577
6650916
6652347
6658639
6663664
6673090
6678205
6694474
6709009
6721469
6727103
6749855
6755367
6756407
6756759
6757420
6757826
6769055
6783549
6786436
6809749
6810994
6829878
6832051
6837504
6838038
6857060
6858521
6883586
6905809
6911769
6927401
6943874
6945597
6950895
6965592
6982349
7010761
7011027
7011997
7026308
7045164
7082546
7090461
7106518
7118199
7119468
7128156
7140553
7149425
7155976
7185550
7186839
7194430
7195950
7207325
7225776
7228223
7245249
7256787
7257758
7261495
7267936
7268536
7278537
7281642
7307522
7320216
7320653
7329399
7330830
7331095
7349787
7355745
7359712
7378398
7382099
7387976
7393096
7402317
7406133
7407626
7411427
7423726
7426368
7429164
7435382
7444733
7457915
7459155
7491233
7504175
7517610
7524972
7532881
7542037
7571081
7586917
7586926
7589173
7603438
7610474
7614272
7616886
7616962
7651953
7655020
7655660
7655865
7659469
7684109
7685282
7686677
7708987
7709550
7717628
7719726
7721269
7722183
7740679
7751649
7765634
7790736
7791693
7794646
7802187
7806244
7806676
7808289
7815137
7821813
7832099
7846522
7852725
7854668
7859660
7869116
7876979
7887591
7890838
7895227
7901378
7906417
7912629
7933744
7951071
7954268
7965756
7989333
7990714
7996795
8000319
8000393
8000855
8005416
8005695
8016590
8018934
8036143
8038186
8040166
8057633
8061637
8062080
8080000
8083120
8086708
8091126
8099443
8101078
8105217
8108419
8112857
8126416
8162057
8182121
8185876
8196361
8205731
8224522
8232187
8232634
8235806
8249458
8262041
8278303
8279812
8281855
8302518
8304023
8314258
8320396
8325080
8349263
8359173
8371495
8371821
8388998
8410483
8437698
8458152
8471051
8479693
8482117
8485172
8512088
8519228
8538192
8540676
8543331
8553080
8553225
8563444
8586493
8598137
8603554
8627298
8628057
8630103
8633562
8641950
8643479
8644519
8662565
8672266
8674209
8708685
8717854
8724405
8746171
8753445
8754959
8758647
8794507
8814371
8827881
8829143
8831106
8840875
8846876
8850250
8859931
8865664
8872029
8883315
8887125
8922297
8925105
8934533
8947511
8954650
8965498
8972206
8983062
9000579
9000639
9018585
9051472
9086846
9089370
9101574
9111791
9112335
9119370
9120397
9176547
9183005
9183623
9201334
9209986
9224837
9242419
9243785
9256238
9259521
9276729
9300372
9301035
9306219
9310044
9314363
9315903
9329982
9332456
9340088
9355231
9359740
9380022
9384273
9410755
9415295
9417097
9440992
9472494
9481363
9503593
9509197
9521089
9525780
9526274
9547837
9549697
9578508
9581253
9583885
9602900
9606125
9606588
9610701
9623057
9623707
9629559
9634956
9638847
9641467
9650165
9656532
9660000
9670881
9683673
9685710
9687715
9726903
9740981
9743344
9751876
9754438
9760919
9766549
9819017
9826593
9827974
9828973
9830272
9831742
9840730
9842065
9844442
9856284
9856483
9885186
9900064
9908058
9920902
9927209
9943414
9944042
9946155
9949700
9951093
9958019
9960840
