9056
10949
21098
42561
45278
56921
65633
71352
73546
77499
107130
111704
122279
162647
163315
190402
197953
208026
211616
214279
218592
226133
234253
236163
240862
273638
280259
311523
323914
371630
373497
384230
400804
402188
408344
423520
427647
429514
440683
445898
456992
460095
472490
475449
508393
527386
535085
542719
546945
552083
554236
558962
559259
569419
572700
583105
583295
604453
606149
611836
627294
633444
653229
657336
671505
675895
685702
705409
708366
736605
746011
770449
775607
794268
804875
816729
826211
830494
834622
868658
873999
892635
899317
906445
914348
916338
916409
918485
927061
933167
943038
949966
952496
955370
955475
969680
973867
981309
994677
1005882
1015899
1018833
1025256
1044102
1049220
1050192
1055314
1092586
1094294
1097163
1120842
1134653
1150734
1186164
1190977
1200385
1216560
1232525
1252037
1261783
1262912
1274364
1274695
1279451
1299261
1306604
1314086
1316438
1321603
1323364
1345192
1353940
1404193
1410812
1420675
1422870
1440550
1449733
1483954
1495189
1498574
1504925
1520000
1529225
1540180
1544344
1584215
1587679
1594161
1595068
1595228
1606485
1616876
1621741
1630605
1634272
1641078
1649730
1661330
1661400
1663692
1691721
1701008
1740756
1744238
1749886
1765035
1774671
1789202
1802385
1832325
1836658
1857552
1866521
1896798
1906149
1924561
1936511
1963054
1967047
1992469
1997880
2000017
2022936
2029508
2081873
2089567
2107045
2110410
2127849
2135131
2137228
2154947
2167601
2178870
2182288
2190565
2193006
2207314
2210254
2210283
2221325
2229981
2239404
2243699
2278647
2288411
2293894
2299695
2304626
2321835
2354377
2358783
2391889
2395282
2413973
2447029
2451362
2463288
2464277
2501863
2510530
2523217
2539706
2541937
2547351
2551845
2552099
2567136
2568663
2569540
2569548
2569602
2580281
2587485
2609491
2642271
2644778
2651832
2660203
2694257
2713618
2727799
2739198
2745854
2758242
2760208
2762688
2770763
2777335
2797208
2797836
2825151
2830608
2835047
2835755
2838593
2841582
2859657
2863150
2882934
2893206
2896393
2897167
2919552
2919851
2926916
2930931
2931549
2933354
2944487
2954579
2986964
2990725
2999197
3003035
3022038
3023819
3029114
3040504
3072300
3096979
3101617
3112891
3128581
3130882
3141000
3146252
3147977
3159084
3174187
3197581
3213961
3227086
3229096
3241328
3241346
3244992
3260223
3269815
3274551
3276084
3276947
3293881
3295139
3312190
3328845
3331587
3344165
3348602
3357766
3391017
3419822
3440588
3441507
3460191
3461932
3468646
3470207
3476236
3489670
3494383
3505396
3508703
3509768
3512316
3512831
3513640
3531659
3537244
3545943
3561262
3567156
3571997
3579012
3579986
3587112
3591875
3592089
3593583
3594006
3595832
3652774
3653692
3656734
3680237
3689272
3689725
3709476
3721800
3740745
3740893
3743764
3763434
3784344
3786534
3788260
3798799
3798962
3802481
3816827
3823751
3828663
3842547
3846001
3850609
3864607
3867851
3869700
3871442
3877319
3882915
3914626
3943871
3944437
3948579
3951106
3962110
4004829
4010003
4012318
4020362
4031877
4043921
4060361
4077838
4101009
4101726
4128254
4130328
4141511
4149632
4150513
4166544
4169266
4171588
4174595
4183428
4196465
4223543
4231895
4239288
4240102
4245352
4255061
4269080
4279753
4283929
4291750
4302108
4315836
4326454
4327294
4329692
4331532
4331818
4338787
4345684
4352493
4368373
4373724
4378460
4385732
4386927
4438478
4439288
4462899
4464603
4467633
4477991
4484261
4487114
4496875
4500743
4512859
4520318
4528492
4532955
4537591
4542110
4546128
4548031
4552147
4571960
4584585
4585014
4588472
4595992
4600029
4604686
4608896
4630665
4631317
4660628
4663255
4699579
4699667
4758959
4766536
4776348
4790717
4793419
4795613
4803904
4817958
4824660
4840207
4874060
4876030
4876115
4891982
4917149
4923649
4928600
4935205
4953005
4956406
4976413
4977526
4980871
5002786
5004623
5014186
5022184
5031518
5044849
5049556
5052853
5058910
5063960
5081620
5107460
5117072
5130976
5147345
5151980
5163846
5170147
5177104
5180402
5185741
5193402
5196565
5204696
5220318
5224898
5228307
5232215
5248684
5255784
5258286
5259095
5265608
5266244
5270794
5285398
5287132
5287171
5290423
5291673
5298356
5305813
5307724
5312651
5317335
5339091
5340913
5387884
5391148
5395507
5398868
5420336
5455339
5486378
5503982
5507485
5508924
5512090
5534362
5552247
5554687
5570642
5583651
5590588
5599544
5603441
5614815
5627336
5632033
5651817
5681032
5684097
5709286
5734838
5759674
5770834
5790318
5805871
5810535
5817199
5822929
5829060
5857981
5868739
5890197
5948529
5977618
6004515
6009920
6015239
6015727
6019652
6021251
6028473
6034980
6042235
6056785
6066908
6068732
6090349
6102254
6102325
6115173
6120133
6135804
6152139
6165963
6174224
6174277
6181382
6185012
6186985
6190665
6191524
6198865
6209480
6212573
6214980
6225802
6228279
6236237
6237651
6240935
6242888
6268251
6288738
6309930
6313130
6320173
6331457
6336266
6341418
6346659
6350351
6372135
6372167
6377266
6399701
6405017
6408989
6415753
6418554
6426419
6451223
6452874
6455631
6462888
6465363
6469116
6505259
6507574
6523100
6523483
6541062
6544010
6572112
6573659
6576775
6578886
6603935
6606250
6608187
6616721
6631889
6638569
6640822
6663000
6665132
6669420
6672508
6678221
6683908
6693584
6700095
6700471
6702384
6703563
6705706
6719854
6727092
6739704
6767162
6769700
6777984
6787959
6794205
6794376
6795645
6819881
6834462
6858078
6864762
6882035
6888415
6893961
6903941
6906176
6934644
6952898
6962080
6980402
6990332
7006081
7016374
7047336
7052490
7055492
7071788
7075982
7085799
7088023
7093544
7101321
7103059
7120740
7122396
7137922
7147123
7153765
7181954
7187359
7189145
7201158
7202266
7212297
7222356
7223272
7231789
7236491
7240389
7241048
7249798
7252658
7263536
7275255
7277531
7300413
7304925
7306748
7324059
7340043
7340890
7364467
7364804
7369384
7380724
7380814
7388970
7408219
7435262
7437350
7446994
7463167
7472268
7484734
7485540
7488535
7488980
7492993
7496219
7516261
7592769
7611093
7632212
7637601
7640381
7642316
7644793
7645721
7647341
7675817
7689923
7698702
7705157
7714206
7724604
7727126
7729223
7730727
7766774
7775407
7779543
7781072
7795903
7808067
7808733
7844599
7845568
7853030
7867674
7870920
7881507
7889616
7897454
7903906
7907230
7911818
7923266
7928004
7929963
7935766
7946053
7968259
7975590
7990811
8008314
8015720
8018944
8024341
8033772
8042472
8042486
8059959
8070395
8076718
8088152
8089937
8100883
8109093
8112375
8122908
8126256
8126548
8132120
8137102
8148190
8168500
8171648
8175898
8177548
8179261
8184364
8188626
8201911
8221826
8226188
8231574
8241075
8256737
8258072
8265285
8265461
8272686
8275560
8277540
8279080
8301998
8307519
8308883
8312320
8325428
8325738
8348454
8375114
8377329
8385867
8401626
8401751
8405073
8412906
8414750
8422514
8426367
8434607
8436824
8442919
8446531
8454440
8468469
8470844
8476798
8504394
8505558
8514981
8530069
8533133
8537223
8537876
8570110
8591798
8612911
8614796
8627572
8631214
8640182
8645763
8651881
8656447
8660982
8690670
8703831
8724864
8732382
8745435
8747057
8749191
8754473
8761955
8765352
8775542
8793238
8799757
8805728
8807449
8808766
8825583
8859593
8862617
8863038
8871484
8872028
8897514
8917416
8931929
8942309
8963349
8967039
8967883
8970333
8981359
8990393
8994796
8996377
9010854
9016229
9022834
9055545
9057191
9058243
9071814
9081908
9105029
9116800
9117198
9119405
9122290
9123233
9129773
9151837
9164942
9165845
9166920
9167197
9187413
9210133
9222959
9227452
9242682
9268118
9287936
9305635
9323136
9381989
9385678
9385724
9405526
9411017
9452826
9462104
9463842
9467242
9468179
9495691
9520211
9522817
9535025
9541583
9551792
9565591
9567345
9573533
9575743
9590618
9594833
9605542
9617456
9620678
9642147
9645104
9658569
9673113
9685662
9693571
9698521
9705982
9706985
9714054
9716946
9720022
9721292
9725919
9731955
9746167
9757963
9773081
9776545
9796064
9806403
9807377
9809885
9814650
9815006
9831324
9835000
9853640
9858046
9878050
9900889
9906292
9909612
9910086
9916666
9918502
9936347
9944549
9948826
9963279
9965366
9969017
9995597
