3761
26639
26685
30436
40926
73824
78318
88091
103050
105095
105781
110250
113907
124192
132119
133275
134387
149268
162321
164454
165555
193238
196347
205228
225118
228871
235676
236640
253754
254631
258816
259581
266592
273852
277999
280756
283455
286550
297876
308793
313481
313482
323296
323976
330757
333246
336498
358520
382151
383644
390128
392154
411549
433251
440743
451992
463110
486788
500532
500620
507402
508054
526045
537349
543454
552434
566310
573242
612176
613842
613885
616882
622630
649871
653228
672226
675865
734678
737229
744919
753904
759533
780101
792341
800445
820373
829193
830050
850118
871079
893206
897398
903592
912636
918129
921202
922530
925740
932037
956143
963007
971895
982546
990559
1007105
1021872
1028862
1056809
1062986
1070761
1082635
1091220
1099866
1100784
1105190
1113894
1119472
1128299
1143031
1155912
1167467
1177684
1180049
1182526
1209884
1213141
1229123
1239666
1243313
1243884
1282612
1320158
1342383
1353131
1365628
1388415
1389556
1394787
1402828
1404895
1408309
1414061
1438596
1444036
1445500
1449199
1464180
1486393
1486481
1503218
1572030
1584305
1602667
1616692
1621070
1626680
1629526
1646902
1653313
1664639
1680193
1691903
1691964
1712194
1714704
1721790
1744815
1760800
1807193
1825058
1846624
1860583
1922140
1935546
1943532
1944426
1952477
1952630
1956961
1959732
1976004
1990193
2001700
2023593
2026532
2039072
2042507
2054462
2058897
2066656
2072878
2076335
2098122
2100484
2131572
2131640
2133469
2136626
2139175
2142863
2145661
2152226
2158099
2158850
2166669
2168346
2172509
2172854
2182857
2202088
2205044
2219609
2221399
2229494
2234386
2244794
2250867
2267926
2292552
2355947
2360903
2393881
2418509
2420201
2432155
2437188
2465690
2470678
2470838
2485512
2487190
2488005
2507619
2509769
2524953
2533810
2553855
2569700
2605492
2608257
2610538
2621675
2625637
2628913
2630463
2649746
2679487
2689928
2702712
2709682
2717565
2728950
2738912
2739013
2758228
2763162
2773187
2778006
2782750
2784105
2794661
2824321
2840976
2845010
2894768
2898258
2903794
2914142
2922270
2925250
2946283
2966311
2994352
2996416
3017047
3026880
3042798
3050099
3056135
3066458
3081217
3107006
3122992
3132259
3143352
3143414
3151420
3168674
3170458
3191680
3204606
3220087
3239713
3262670
3270159
3275520
3278553
3281112
3291639
3292375
3299133
3332049
3353774
3358630
3359753
3370577
3391275
3392986
3406258
3411595
3418113
3436855
3439952
3455822
3462005
3474904
3476414
3487823
3493270
3525639
3527265
3534814
3535332
3564881
3567195
3571856
3580606
3593620
3600814
3601435
3601575
3602496
3616337
3625636
3633250
3646982
3648109
3653568
3661447
3664230
3677807
3682965
3685748
3705618
3716995
3717674
3721660
3731980
3745162
3767802
3768308
3778903
3792354
3811299
3815348
3819331
3825043
3833727
3843985
3861096
3867468
3867689
3874955
3899113
3899548
3900692
3908507
3925249
3936196
3949441
3965515
3983277
3996848
4000098
4005222
4020387
4027591
4043662
4047073
4051725
4066553
4103265
4107469
4107748
4108828
4112653
4112843
4113431
4114902
4119799
4121357
4122260
4125569
4139879
4156773
4179760
4187745
4187917
4191730
4198501
4201621
4204080
4240481
4248957
4257291
4262447
4263154
4275736
4278301
4296435
4297768
4311123
4326432
4327071
4330377
4339927
4340321
4344149
4351703
4366577
4393372
4401119
4427357
4427439
4428817
4452942
4461114
4475084
4493526
4509778
4518167
4522067
4525001
4539047
4540998
4541577
4550265
4574853
4579857
4585430
4607125
4613013
4640518
4646135
4655740
4660102
4708399
4733465
4742147
4752211
4754531
4759887
4767560
4774999
4781377
4781813
4782339
4800461
4802164
4808662
4812982
4824467
4825777
4826101
4828168
4833679
4858395
4871574
4880643
4894763
4898322
4923433
4923739
4927979
4939675
4944466
4953996
4968361
4976907
4988283
4991472
4997468
5008232
5016802
5028659
5046041
5046404
5048425
5049095
5058605
5064419
5072531
5086893
5088107
5090116
5098696
5101523
5103394
5117607
5133938
5134084
5148338
5165763
5179088
5192205
5204935
5206078
5208006
5216934
5220255
5221939
5226276
5227443
5234072
5243174
5256961
5264035
5266968
5302932
5306419
5329526
5341360
5346445
5350260
5364929
5365854
5373192
5374716
5381480
5392426
5395011
5403810
5415089
5426237
5428957
5431003
5436235
5447878
5450070
5464807
5465577
5478556
5479247
5482517
5504959
5540681
5542993
5557846
5570894
5575755
5623630
5624845
5625343
5642314
5648161
5653345
5657218
5659091
5662164
5681357
5686183
5690426
5717344
5728308
5732713
5736645
5789334
5789588
5789847
5802015
5802779
5809509
5811308
5811694
5849493
5851613
5860880
5870304
5900986
5919424
5921339
5924898
5933012
5939275
5953481
5956964
5965833
5980368
5985222
5985708
6005457
6011721
6023778
6026028
6041158
6043856
6048770
6052632
6075445
6085692
6090123
6103575
6107304
6107418
6109544
6113202
6118222
6124909
6135555
6170944
6188707
6201598
6204176
6218460
6251217
6278805
6280222
6289598
6325393
6353865
6357417
6359595
6361731
6373417
6379682
6392466
6405095
6406343
6407964
6410080
6422968
6426157
6437524
6471745
6473615
6487862
6494070
6512142
6514618
6518910
6525299
6528417
6539360
6547275
6549707
6556219
6558432
6564735
6568962
6572967
6603261
6604381
6610308
6612305
6615607
6619303
6629471
6632735
6645213
6646040
6646443
6660521
6670431
6671467
6672680
6683702
6688739
6725692
6741739
6763711
6764807
6776242
6782496
6825446
6827924
6835933
6838126
6858834
6873408
6887777
6931653
6961022
6976702
6978747
6989112
6990791
7008542
7012333
7031397
7049603
7052913
7061322
7067014
7076991
7080762
7082909
7084295
7085193
7088331
7101667
7104450
7107732
7107745
7121641
7134642
7142750
7155644
7165782
7178224
7210718
7214736
7232221
7248248
7282527
7284388
7286833
7291165
7293525
7322861
7324298
7331717
7347797
7359146
7359371
7369314
7372026
7374039
7377205
7381374
7386722
7389425
7391862
7395194
7404805
7409422
7412171
7427200
7433983
7439573
7460694
7484683
7485934
7492898
7496651
7497909
7510689
7534928
7537571
7541000
7547869
7558249
7582270
7584635
7591199
7606528
7609392
7610342
7612910
7614910
7620975
7621858
7625087
7638869
7647923
7652505
7659879
7680148
7680962
7681991
7692927
7698438
7708660
7771123
7799821
7824432
7827322
7845366
7861400
7871483
7874725
7929348
7937309
7941164
7964160
7964593
7990274
7992277
7996236
8023486
8039696
8040793
8048762
8060449
8066722
8067957
8082107
8093113
8103390
8112130
8134525
8168603
8169660
8177619
8192396
8209479
8223262
8244194
8246650
8251010
8263206
8270149
8299953
8306191
8337305
8347420
8352832
8384581
8386257
8391044
8408834
8411703
8415129
8420935
8434690
8458432
8475981
8487225
8489250
8495159
8495624
8495839
8506657
8519255
8521288
8524159
8537341
8554414
8557470
8565597
8568241
8583911
8586611
8588104
8597254
8603898
8608100
8609468
8610242
8620541
8630966
8636550
8640490
8644016
8657268
8663294
8669926
8699430
8702238
8715957
8721415
8723785
8728671
8730772
8743079
8751218
8759774
8770943
8772312
8783219
8785665
8794283
8812387
8814883
8823387
8826739
8840026
8843426
8875732
8919781
8929990
8933454
8941645
8947691
8953839
8955072
8964835
8966545
8968759
8973066
8973412
8991932
8995884
9013670
9013797
9014834
9034742
9035498
9051960
9052272
9055859
9064286
9067611
9073413
9075355
9096726
9102040
9104257
9104771
9118633
9120757
9121798
9123884
9129130
9143448
9184254
9196547
9212027
9214576
9220785
9226725
9235013
9238939
9257115
9285299
9288137
9302508
9308375
9326859
9330556
9335926
9337324
9341409
9353965
9360771
9381138
9382070
9399011
9402576
9431493
9447965
9448707
9470682
9478624
9485477
9499721
9506003
9508954
9512993
9521988
9529154
9531232
9544890
9549416
9561582
9570625
9574043
9574929
9581380
9584914
9598173
9614081
9618205
9618534
9629548
9643929
9667329
9673509
9676623
9678515
9682122
9684741
9688559
9691062
9693443
9694000
9720230
9735452
9739898
9763566
9798179
9799781
9817993
9825069
9829100
9838980
9844983
9859708
9873669
9875806
9885266
9898721
9917012
9920408
9928956
9933405
9947060
9965590
9985437
9997869
9999724
