2311
25480
34816
54690
68521
82002
106323
155389
175494
182928
184419
185488
209158
215756
225966
242627
245090
277137
277699
279749
288192
300860
336523
339073
340310
340608
379164
383751
398189
404367
406223
449480
461500
472856
477020
482434
485508
503573
518925
519044
527732
531069
531685
539893
550959
557966
575333
579331
598792
608670
609274
614812
632491
641706
659124
661230
690817
699888
699976
701126
703003
708969
711369
714048
746366
749408
759717
765963
791186
802590
803551
820786
826239
841755
853502
879291
879703
880958
882782
885991
888100
895240
907185
911523
912411
925628
927450
942236
946275
946352
957547
964539
969460
973301
973759
999825
1004821
1011258
1020660
1036340
1053918
1058204
1061230
1073710
1076903
1083859
1085325
1088467
1119300
1132285
1132877
1148896
1166928
1182640
1215991
1218568
1235579
1241675
1245692
1268577
1283193
1290225
1321558
1324684
1342085
1348136
1348698
1351296
1354998
1385181
1398765
1401000
1402609
1410712
1420464
1421384
1425011
1438666
1447841
1456579
1457056
1458622
1469599
1478863
1489329
1504304
1512920
1516022
1524717
1537417
1543607
1544035
1546201
1549314
1549368
1573086
1579004
1583044
1590214
1591815
1593353
1607941
1611037
1611954
1625267
1654952
1665843
1691721
1700746
1703155
1708549
1714177
1718471
1727025
1737854
1739189
1779816
1784712
1787877
1791392
1795191
1797690
1803766
1804238
1808961
1809309
1836289
1838459
1841611
1859722
1879498
1891617
1892620
1900391
1909928
1925184
1934054
1953696
1956903
1963952
1964264
1976045
1976846
1981115
2008584
2016815
2022127
2038732
2040187
2077513
2083882
2099366
2102619
2105579
2110660
2114859
2116357
2128460
2130334
2138253
2143165
2146632
2151768
2166009
2166816
2173467
2181236
2182469
2239304
2254097
2261472
2265310
2270855
2283266
2301991
2302016
2311146
2322707
2338974
2340743
2374246
2376558
2398187
2429292
2430734
2431130
2439427
2439878
2463756
2471846
2495266
2496026
2496757
2513107
2519629
2521407
2533980
2534340
2541659
2563843
2582340
2584544
2585149
2585928
2588979
2607724
2613821
2626577
2633816
2636316
2649877
2653029
2654710
2655348
2662032
2664570
2668651
2685483
2703021
2708288
2714044
2740096
2741488
2754103
2764768
2786445
2789391
2804620
2811724
2830151
2838795
2848765
2851441
2868653
2871526
2874748
2878509
2879946
2881915
2888940
2903455
2904125
2922987
2945119
2949351
2956359
2960460
2962577
2964291
2964838
2965521
2979405
2979595
3022083
3025117
3070995
3073674
3084941
3085840
3097827
3114915
3118763
3141214
3144266
3150652
3154513
3228570
3233117
3238712
3252455
3268776
3277038
3283555
3293022
3305356
3331121
3340640
3353688
3375092
3385963
3401450
3405005
3414893
3420419
3420733
3423226
3423289
3430331
3430410
3430740
3439022
3452732
3455659
3469864
3478948
3479755
3492430
3504619
3508166
3511364
3517086
3532060
3541874
3547670
3554569
3557844
3563399
3589561
3609494
3642153
3643151
3656718
3657553
3661119
3666871
3673712
3674621
3681921
3685092
3703488
3705363
3711344
3719486
3750076
3755913
3771255
3775238
3801224
3801236
3816881
3819766
3819911
3823239
3826247
3848097
3853978
3856448
3857598
3867215
3875476
3893298
3941555
3954406
3956468
3956700
3961120
3964971
3979019
3992091
3998729
3999362
4001939
4008735
4010763
4011022
4012051
4021737
4023146
4035356
4055659
4060918
4069791
4070166
4075084
4075912
4084875
4091029
4103668
4112977
4146828
4159627
4174736
4238301
4258182
4273673
4277260
4287013
4289614
4292268
4314989
4317077
4339618
4339779
4354578
4360821
4372402
4374853
4379262
4379977
4409170
4409374
4426523
4428095
4430940
4438095
4460530
4468203
4471819
4473459
4474905
4476916
4488634
4494009
4497931
4501048
4509138
4512490
4525410
4531971
4535676
4545850
4545998
4561486
4564198
4565654
4572889
4583424
4616601
4616828
4626141
4641199
4656156
4666751
4669502
4676024
4683819
4697334
4703323
4712767
4715381
4724502
4729311
4732426
4736315
4777779
4785818
4813923
4819826
4837056
4843480
4843793
4846352
4859629
4869061
4869621
4892493
4896029
4908419
4909439
4945297
4959487
4983584
4983986
5007745
5009394
5015141
5021506
5033245
5039298
5042783
5062153
5067557
5070239
5074561
5075336
5075980
5112895
5117919
5130396
5156749
5161196
5162817
5180562
5181012
5209035
5213621
5217550
5221827
5253564
5256445
5259198
5280536
5293210
5308449
5320261
5328414
5356990
5359274
5359656
5391072
5395309
5413710
5418792
5419009
5421533
5425816
5437430
5477228
5478689
5479111
5485597
5488988
5514769
5524940
5528555
5543218
5581588
5582807
5620579
5621242
5647391
5658094
5663327
5674292
5702272
5707416
5711651
5716574
5721636
5728811
5772575
5784096
5787835
5789039
5801139
5827314
5827897
5835922
5845665
5859306
5863952
5865994
5871555
5892194
5903639
5920266
5938327
5944885
5951967
5954461
5978047
5990366
5990750
5993879
5994443
6012455
6013791
6016335
6017552
6022054
6035086
6050901
6059338
6072950
6073707
6089503
6106153
6121049
6122827
6136947
6146530
6160585
6180307
6183228
6209151
6216090
6220218
6220878
6221285
6235207
6247328
6249467
6255797
6257464
6262258
6273599
6275186
6287851
6290317
6307393
6329447
6357710
6370204
6373257
6374104
6377796
6387982
6427480
6447564
6448657
6479378
6488691
6492193
6500468
6501051
6508268
6512596
6515717
6521877
6537817
6559224
6566955
6580038
6585229
6595958
6600002
6606039
6618575
6620718
6628423
6636413
6671128
6675028
6676413
6685572
6690693
6694903
6697921
6712591
6712784
6720859
6734463
6739308
6747109
6789117
6791030
6794921
6794947
6802563
6802905
6808156
6811252
6823292
6829983
6844493
6852175
6855451
6861720
6899371
6905130
6910215
6920313
6920949
6937790
6939844
6945101
6951032
6953784
6976846
6979174
6993683
6998188
7008310
7014981
7016646
7020320
7056916
7063749
7085777
7105613
7108122
7127914
7144309
7154041
7161649
7169718
7200697
7201296
7210980
7211539
7234807
7235509
7258264
7295753
7302907
7307025
7309115
7312535
7317371
7354519
7380192
7390567
7411352
7411797
7422805
7429374
7430512
7437806
7439652
7440336
7441519
7451123
7454981
7462391
7464077
7495861
7505658
7532044
7539180
7562189
7566507
7584662
7591738
7597394
7632764
7633582
7633924
7636504
7647808
7663717
7667465
7693197
7700414
7717637
7725715
7753975
7774133
7780239
7788018
7791552
7797380
7797414
7798448
7801423
7822729
7823493
7852223
7881046
7881231
7930254
7931942
7973891
7978955
7993813
7995632
7999250
7999639
8000905
8003614
8024445
8036002
8044978
8045254
8076579
8080574
8089134
8094920
8115371
8118617
8125283
8141376
8143390
8157600
8160528
8161423
8168336
8174843
8191700
8211086
8211581
8212480
8217276
8221579
8222667
8237185
8253519
8278040
8279315
8293234
8313883
8317320
8323321
8346431
8352274
8382940
8384864
8414801
8427056
8446721
8471908
8480679
8492017
8495341
8497282
8510027
8510941
8517701
8524580
8525187
8538246
8541075
8559738
8563558
8565925
8581850
8581988
8586800
8607616
8617242
8625324
8646408
8646861
8652334
8672962
8675458
8677886
8689678
8692636
8694395
8710932
8718632
8727409
8763558
8788454
8797121
8801076
8815045
8831070
8853865
8855841
8858701
8862249
8874900
8882678
8892296
8896644
8918165
8918764
8920060
8920350
8938494
8975579
8976363
9006317
9017879
9019760
9023143
9024084
9026016
9037231
9038513
9064547
9067633
9075369
9093068
9093556
9100122
9108151
9112947
9152060
9163646
9170532
9171226
9177659
9186007
9192135
9192838
9201804
9210069
9213209
9222311
9223288
9223680
9224444
9230995
9249018
9271374
9272727
9273465
9281978
9293557
9297374
9299820
9299995
9315366
9320824
9362584
9395678
9403527
9404177
9409593
9414062
9417137
9428142
9428555
9429201
9430851
9434722
9435097
9435107
9455337
9457296
9486954
9488438
9490219
9520282
9525566
9561978
9564390
9566188
9587270
9588755
9593817
9625276
9631799
9660090
9661987
9665590
9666655
9671626
9701241
9709076
9730499
9736603
9749179
9750660
9751009
9764639
9765832
9789864
9790781
9798389
9811880
9814533
9830566
9843089
9854640
9862475
9872319
9906966
9925716
9925873
9932973
9935451
9976064
9986305
9989850
9992388
9992596
9994331
